# unix_time, cycles_done, cur_path, paths_total, pending_total, pending_favs, map_size, unique_crashes, unique_hangs, max_depth, execs_per_sec
1592424445, 0, 0, 4, 4, 1, 0.00%, 0, 0, 1, 283.19
1592424451, 1, 0, 4, 3, 0, 0.00%, 0, 0, 1, 346.44
1592424456, 1, 1, 4, 2, 0, 0.00%, 0, 0, 1, 356.95
1592424466, 1, 2, 4, 1, 0, 0.00%, 0, 0, 1, 359.82
1592424471, 2, 1, 4, 0, 0, 0.00%, 0, 0, 1, 360.83
1592424476, 2, 3, 4, 0, 0, 0.00%, 0, 0, 1, 361.39
1592424481, 3, 1, 4, 0, 0, 0.00%, 0, 0, 1, 358.14
1592424486, 4, 0, 4, 0, 0, 0.00%, 0, 0, 1, 354.93
1592424491, 4, 2, 4, 0, 0, 0.00%, 0, 0, 1, 359.31
1592424496, 5, 1, 4, 0, 0, 0.00%, 0, 0, 1, 358.70
1592424501, 5, 3, 4, 0, 0, 0.00%, 0, 0, 1, 357.36
1592424506, 6, 2, 4, 0, 0, 0.00%, 0, 0, 1, 358.47
1592424511, 7, 0, 4, 0, 0, 0.00%, 0, 0, 1, 352.93
1592424516, 7, 3, 4, 0, 0, 0.00%, 0, 0, 1, 346.91
1592424521, 8, 1, 4, 0, 0, 0.00%, 0, 0, 1, 338.98
1592424527, 8, 3, 4, 0, 0, 0.00%, 0, 0, 1, 349.06
1592424532, 9, 2, 4, 0, 0, 0.00%, 0, 0, 1, 341.96
1592424537, 10, 0, 4, 0, 0, 0.00%, 0, 0, 1, 304.19
1592424542, 10, 2, 4, 0, 0, 0.00%, 0, 0, 1, 313.97
1592424547, 11, 0, 4, 0, 0, 0.00%, 0, 0, 1, 319.24
1592424552, 11, 2, 4, 0, 0, 0.00%, 0, 0, 1, 323.60
1592424557, 12, 0, 4, 0, 0, 0.00%, 0, 0, 1, 254.40
1592424562, 12, 2, 4, 0, 0, 0.00%, 0, 0, 1, 269.42
1592424567, 13, 0, 4, 0, 0, 0.00%, 0, 0, 1, 306.38
1592424572, 13, 2, 4, 0, 0, 0.00%, 0, 0, 1, 271.66
1592424578, 14, 0, 4, 0, 0, 0.00%, 0, 0, 1, 324.01
1592424583, 14, 3, 4, 0, 0, 0.00%, 0, 0, 1, 351.18
1592424588, 15, 1, 4, 0, 0, 0.00%, 0, 0, 1, 345.58
1592424593, 16, 0, 4, 0, 0, 0.00%, 0, 0, 1, 358.64
1592424598, 16, 2, 4, 0, 0, 0.00%, 0, 0, 1, 350.69
1592424603, 17, 0, 4, 0, 0, 0.00%, 0, 0, 1, 317.87
1592424608, 17, 2, 4, 0, 0, 0.00%, 0, 0, 1, 293.08
1592424613, 18, 0, 4, 0, 0, 0.00%, 0, 0, 1, 282.28
1592424618, 18, 2, 4, 0, 0, 0.00%, 0, 0, 1, 287.91
1592424623, 19, 0, 4, 0, 0, 0.00%, 0, 0, 1, 290.32
1592424629, 19, 3, 4, 0, 0, 0.00%, 0, 0, 1, 321.44
1592424634, 20, 1, 4, 0, 0, 0.00%, 0, 0, 1, 319.46
1592424639, 20, 3, 4, 0, 0, 0.00%, 0, 0, 1, 317.85
1592424644, 21, 1, 4, 0, 0, 0.00%, 0, 0, 1, 314.86
1592424649, 21, 3, 4, 0, 0, 0.00%, 0, 0, 1, 332.89
1592424654, 22, 2, 4, 0, 0, 0.00%, 0, 0, 1, 352.47
1592424659, 23, 0, 4, 0, 0, 0.00%, 0, 0, 1, 321.61
1592424664, 23, 2, 4, 0, 0, 0.00%, 0, 0, 1, 323.49
1592424669, 24, 1, 4, 0, 0, 0.00%, 0, 0, 1, 323.87
1592424674, 24, 3, 4, 0, 0, 0.00%, 0, 0, 1, 347.96
1592424680, 25, 1, 4, 0, 0, 0.00%, 0, 0, 1, 335.39
1592424685, 25, 3, 4, 0, 0, 0.00%, 0, 0, 1, 201.84
1592424690, 26, 0, 4, 0, 0, 0.00%, 0, 0, 1, 198.56
1592424695, 26, 2, 4, 0, 0, 0.00%, 0, 0, 1, 277.52
1592424700, 27, 0, 4, 0, 0, 0.00%, 0, 0, 1, 290.47
1592424705, 27, 2, 4, 0, 0, 0.00%, 0, 0, 1, 308.73
1592424711, 28, 0, 4, 0, 0, 0.00%, 0, 0, 1, 307.12
1592424716, 28, 3, 4, 0, 0, 0.00%, 0, 0, 1, 322.57
1592424721, 29, 1, 4, 0, 0, 0.00%, 0, 0, 1, 309.17
1592424726, 29, 3, 4, 0, 0, 0.00%, 0, 0, 1, 316.15
1592424731, 30, 1, 4, 0, 0, 0.00%, 0, 0, 1, 202.15
1592424736, 30, 3, 4, 0, 0, 0.00%, 0, 0, 1, 302.61
1592424741, 31, 1, 4, 0, 0, 0.00%, 0, 0, 1, 318.59
1592424747, 31, 3, 4, 0, 0, 0.00%, 0, 0, 1, 318.27
1592424752, 32, 2, 4, 0, 0, 0.00%, 0, 0, 1, 330.26
1592424757, 33, 0, 4, 0, 0, 0.00%, 0, 0, 1, 319.29
1592424762, 33, 2, 4, 0, 0, 0.00%, 0, 0, 1, 318.47
1592424767, 34, 0, 4, 0, 0, 0.00%, 0, 0, 1, 326.23
1592424772, 34, 3, 4, 0, 0, 0.00%, 0, 0, 1, 325.08
1592424777, 35, 0, 4, 0, 0, 0.00%, 0, 0, 1, 160.24
1592424782, 35, 1, 4, 0, 0, 0.00%, 0, 0, 1, 195.92
1592424788, 35, 2, 4, 0, 0, 0.00%, 0, 0, 1, 172.96
1592424793, 36, 0, 4, 0, 0, 0.00%, 0, 0, 1, 242.50
1592424798, 36, 2, 4, 0, 0, 0.00%, 0, 0, 1, 311.11
1592424803, 37, 0, 4, 0, 0, 0.00%, 0, 0, 1, 279.62
1592424808, 37, 2, 4, 0, 0, 0.00%, 0, 0, 1, 291.73
1592424813, 38, 0, 4, 0, 0, 0.00%, 0, 0, 1, 282.44
1592424819, 38, 2, 4, 0, 0, 0.00%, 0, 0, 1, 280.19
1592424824, 38, 3, 4, 0, 0, 0.00%, 0, 0, 1, 244.05
1592424829, 39, 1, 4, 0, 0, 0.00%, 0, 0, 1, 274.89
1592424834, 39, 3, 4, 0, 0, 0.00%, 0, 0, 1, 282.43
1592424839, 40, 1, 4, 0, 0, 0.00%, 0, 0, 1, 285.15
1592424844, 40, 3, 4, 0, 0, 0.00%, 0, 0, 1, 292.24
1592424850, 41, 2, 4, 0, 0, 0.00%, 0, 0, 1, 306.94
1592424855, 42, 0, 4, 0, 0, 0.00%, 0, 0, 1, 318.20
1592424860, 42, 2, 4, 0, 0, 0.00%, 0, 0, 1, 313.36
1592424865, 43, 0, 4, 0, 0, 0.00%, 0, 0, 1, 317.53
1592424870, 43, 2, 4, 0, 0, 0.00%, 0, 0, 1, 318.30
1592424875, 44, 0, 4, 0, 0, 0.00%, 0, 0, 1, 172.26
1592424880, 44, 2, 4, 0, 0, 0.00%, 0, 0, 1, 268.23
1592424885, 45, 0, 4, 0, 0, 0.00%, 0, 0, 1, 268.50
1592424890, 45, 2, 4, 0, 0, 0.00%, 0, 0, 1, 289.57
1592424895, 46, 0, 4, 0, 0, 0.00%, 0, 0, 1, 175.27
1592424900, 46, 2, 4, 0, 0, 0.00%, 0, 0, 1, 267.77
1592424905, 46, 3, 4, 0, 0, 0.00%, 0, 0, 1, 243.38
1592424911, 47, 1, 4, 0, 0, 0.00%, 0, 0, 1, 256.51
1592424916, 47, 3, 4, 0, 0, 0.00%, 0, 0, 1, 237.67
1592424921, 48, 1, 4, 0, 0, 0.00%, 0, 0, 1, 263.77
1592424926, 48, 2, 4, 0, 0, 0.00%, 0, 0, 1, 259.99
1592424931, 49, 0, 4, 0, 0, 0.00%, 0, 0, 1, 277.87
1592424936, 49, 2, 4, 0, 0, 0.00%, 0, 0, 1, 222.09
1592424941, 49, 3, 4, 0, 0, 0.00%, 0, 0, 1, 224.35
1592424947, 50, 1, 4, 0, 0, 0.00%, 0, 0, 1, 263.38
1592424952, 50, 3, 4, 0, 0, 0.00%, 0, 0, 1, 254.54
1592424957, 51, 1, 4, 0, 0, 0.00%, 0, 0, 1, 282.33
1592424962, 51, 3, 4, 0, 0, 0.00%, 0, 0, 1, 279.80
1592424967, 52, 0, 4, 0, 0, 0.00%, 0, 0, 1, 6.48
1592424972, 52, 1, 4, 0, 0, 0.00%, 0, 0, 1, 195.17
1592424977, 52, 3, 4, 0, 0, 0.00%, 0, 0, 1, 264.18
1592424983, 53, 1, 4, 0, 0, 0.00%, 0, 0, 1, 236.09
1592424988, 53, 2, 4, 0, 0, 0.00%, 0, 0, 1, 238.29
1592424993, 53, 3, 4, 0, 0, 0.00%, 0, 0, 1, 237.83
1592424998, 54, 1, 4, 0, 0, 0.00%, 0, 0, 1, 233.57
1592425003, 54, 3, 4, 0, 0, 0.00%, 0, 0, 1, 227.74
1592425008, 55, 0, 4, 0, 0, 0.00%, 0, 0, 1, 248.39
1592425014, 55, 2, 4, 0, 0, 0.00%, 0, 0, 1, 279.52
1592425019, 56, 0, 4, 0, 0, 0.00%, 0, 0, 1, 288.68
1592425024, 56, 2, 4, 0, 0, 0.00%, 0, 0, 1, 289.35
1592425029, 57, 0, 4, 0, 0, 0.00%, 0, 0, 1, 293.59
1592425034, 57, 3, 4, 0, 0, 0.00%, 0, 0, 1, 311.58
1592425039, 58, 1, 4, 0, 0, 0.00%, 0, 0, 1, 333.62
1592425044, 58, 3, 4, 0, 0, 0.00%, 0, 0, 1, 337.78
1592425049, 59, 2, 4, 0, 0, 0.00%, 0, 0, 1, 337.16
1592425054, 60, 0, 4, 0, 0, 0.00%, 0, 0, 1, 336.13
1592425059, 60, 2, 4, 0, 0, 0.00%, 0, 0, 1, 343.92
1592425065, 61, 1, 4, 0, 0, 0.00%, 0, 0, 1, 334.13
1592425070, 61, 3, 4, 0, 0, 0.00%, 0, 0, 1, 324.96
1592425075, 62, 1, 4, 0, 0, 0.00%, 0, 0, 1, 336.76
1592425080, 63, 0, 4, 0, 0, 0.00%, 0, 0, 1, 321.60
1592425085, 63, 2, 4, 0, 0, 0.00%, 0, 0, 1, 341.11
1592425090, 64, 0, 4, 0, 0, 0.00%, 0, 0, 1, 347.94
1592425095, 64, 3, 4, 0, 0, 0.00%, 0, 0, 1, 344.96
1592425100, 65, 1, 4, 0, 0, 0.00%, 0, 0, 1, 344.41
1592425106, 66, 0, 4, 0, 0, 0.00%, 0, 0, 1, 341.41
1592425111, 66, 2, 4, 0, 0, 0.00%, 0, 0, 1, 331.63
1592425116, 67, 0, 4, 0, 0, 0.00%, 0, 0, 1, 359.70
1592425121, 67, 3, 4, 0, 0, 0.00%, 0, 0, 1, 361.83
1592425126, 68, 1, 4, 0, 0, 0.00%, 0, 0, 1, 363.96
1592425131, 69, 0, 4, 0, 0, 0.00%, 0, 0, 1, 368.78
1592425136, 69, 2, 4, 0, 0, 0.00%, 0, 0, 1, 350.52
1592425141, 70, 0, 4, 0, 0, 0.00%, 0, 0, 1, 322.85
1592425146, 70, 3, 4, 0, 0, 0.00%, 0, 0, 1, 335.71
1592425151, 71, 1, 4, 0, 0, 0.00%, 0, 0, 1, 303.66
1592425156, 71, 3, 4, 0, 0, 0.00%, 0, 0, 1, 300.88
1592425162, 72, 1, 4, 0, 0, 0.00%, 0, 0, 1, 310.29
1592425167, 72, 3, 4, 0, 0, 0.00%, 0, 0, 1, 309.52
1592425172, 73, 1, 4, 0, 0, 0.00%, 0, 0, 1, 289.15
1592425177, 73, 3, 4, 0, 0, 0.00%, 0, 0, 1, 293.64
1592425182, 74, 1, 4, 0, 0, 0.00%, 0, 0, 1, 284.05
1592425187, 74, 3, 4, 0, 0, 0.00%, 0, 0, 1, 292.31
1592425192, 75, 1, 4, 0, 0, 0.00%, 0, 0, 1, 269.97
1592425198, 75, 3, 4, 0, 0, 0.00%, 0, 0, 1, 264.35
1592425203, 76, 1, 4, 0, 0, 0.00%, 0, 0, 1, 275.58
1592425208, 76, 3, 4, 0, 0, 0.00%, 0, 0, 1, 282.59
1592425213, 77, 1, 4, 0, 0, 0.00%, 0, 0, 1, 271.92
1592425218, 77, 3, 4, 0, 0, 0.00%, 0, 0, 1, 280.77
1592425223, 78, 1, 4, 0, 0, 0.00%, 0, 0, 1, 285.99
1592425228, 78, 3, 4, 0, 0, 0.00%, 0, 0, 1, 280.90
1592425234, 79, 1, 4, 0, 0, 0.00%, 0, 0, 1, 282.56
1592425239, 79, 3, 4, 0, 0, 0.00%, 0, 0, 1, 281.12
1592425244, 80, 1, 4, 0, 0, 0.00%, 0, 0, 1, 285.07
1592425249, 80, 3, 4, 0, 0, 0.00%, 0, 0, 1, 283.00
1592425254, 81, 1, 4, 0, 0, 0.00%, 0, 0, 1, 261.92
1592425259, 81, 3, 4, 0, 0, 0.00%, 0, 0, 1, 288.26
1592425264, 82, 1, 4, 0, 0, 0.00%, 0, 0, 1, 293.87
1592425270, 82, 3, 4, 0, 0, 0.00%, 0, 0, 1, 303.41
1592425275, 83, 1, 4, 0, 0, 0.00%, 0, 0, 1, 328.30
1592425280, 83, 3, 4, 0, 0, 0.00%, 0, 0, 1, 323.99
1592425285, 84, 2, 4, 0, 0, 0.00%, 0, 0, 1, 330.53
1592425290, 85, 0, 4, 0, 0, 0.00%, 0, 0, 1, 321.53
1592425295, 85, 2, 4, 0, 0, 0.00%, 0, 0, 1, 316.66
1592425300, 86, 0, 4, 0, 0, 0.00%, 0, 0, 1, 322.76
1592425305, 86, 3, 4, 0, 0, 0.00%, 0, 0, 1, 311.84
1592425311, 87, 1, 4, 0, 0, 0.00%, 0, 0, 1, 329.29
1592425316, 87, 3, 4, 0, 0, 0.00%, 0, 0, 1, 317.17
1592425321, 88, 1, 4, 0, 0, 0.00%, 0, 0, 1, 308.08
1592425326, 89, 0, 4, 0, 0, 0.00%, 0, 0, 1, 331.17
1592425331, 89, 2, 4, 0, 0, 0.00%, 0, 0, 1, 332.98
1592425336, 90, 0, 4, 0, 0, 0.00%, 0, 0, 1, 323.74
1592425341, 90, 2, 4, 0, 0, 0.00%, 0, 0, 1, 332.18
1592425346, 91, 1, 4, 0, 0, 0.00%, 0, 0, 1, 337.97
1592425352, 91, 3, 4, 0, 0, 0.00%, 0, 0, 1, 328.76
1592425357, 92, 1, 4, 0, 0, 0.00%, 0, 0, 1, 304.39
1592425362, 93, 0, 4, 0, 0, 0.00%, 0, 0, 1, 328.57
1592425367, 93, 2, 4, 0, 0, 0.00%, 0, 0, 1, 329.94
1592425372, 94, 0, 4, 0, 0, 0.00%, 0, 0, 1, 334.76
1592425377, 94, 2, 4, 0, 0, 0.00%, 0, 0, 1, 332.97
1592425382, 95, 1, 4, 0, 0, 0.00%, 0, 0, 1, 329.62
1592425387, 95, 3, 4, 0, 0, 0.00%, 0, 0, 1, 307.28
1592425393, 96, 1, 4, 0, 0, 0.00%, 0, 0, 1, 321.83
1592425398, 96, 3, 4, 0, 0, 0.00%, 0, 0, 1, 311.41
1592425403, 97, 2, 4, 0, 0, 0.00%, 0, 0, 1, 313.65
1592425408, 98, 0, 4, 0, 0, 0.00%, 0, 0, 1, 334.54
1592425413, 98, 2, 4, 0, 0, 0.00%, 0, 0, 1, 339.89
1592425418, 99, 1, 4, 0, 0, 0.00%, 0, 0, 1, 341.95
1592425423, 99, 3, 4, 0, 0, 0.00%, 0, 0, 1, 344.70
1592425428, 100, 1, 4, 0, 0, 0.00%, 0, 0, 1, 342.77
1592425434, 101, 0, 4, 0, 0, 0.00%, 0, 0, 1, 332.83
1592425439, 101, 2, 4, 0, 0, 0.00%, 0, 0, 1, 331.10
1592425444, 102, 0, 4, 0, 0, 0.00%, 0, 0, 1, 327.30
1592425449, 102, 3, 4, 0, 0, 0.00%, 0, 0, 1, 331.74
1592425454, 103, 1, 4, 0, 0, 0.00%, 0, 0, 1, 336.94
1592425459, 103, 3, 4, 0, 0, 0.00%, 0, 0, 1, 328.47
1592425464, 104, 2, 4, 0, 0, 0.00%, 0, 0, 1, 341.62
1592425469, 105, 0, 4, 0, 0, 0.00%, 0, 0, 1, 343.69
1592425474, 105, 2, 4, 0, 0, 0.00%, 0, 0, 1, 330.44
1592425480, 106, 1, 4, 0, 0, 0.00%, 0, 0, 1, 334.19
1592425485, 106, 3, 4, 0, 0, 0.00%, 0, 0, 1, 336.91
1592425490, 107, 1, 4, 0, 0, 0.00%, 0, 0, 1, 333.67
1592425495, 108, 0, 4, 0, 0, 0.00%, 0, 0, 1, 337.63
1592425500, 108, 2, 4, 0, 0, 0.00%, 0, 0, 1, 338.16
1592425505, 109, 0, 4, 0, 0, 0.00%, 0, 0, 1, 324.87
1592425510, 109, 3, 4, 0, 0, 0.00%, 0, 0, 1, 337.72
1592425515, 110, 1, 4, 0, 0, 0.00%, 0, 0, 1, 327.09
1592425520, 110, 3, 4, 0, 0, 0.00%, 0, 0, 1, 344.29
1592425526, 111, 2, 4, 0, 0, 0.00%, 0, 0, 1, 341.61
1592425531, 112, 0, 4, 0, 0, 0.00%, 0, 0, 1, 335.25
1592425536, 112, 2, 4, 0, 0, 0.00%, 0, 0, 1, 337.56
1592425541, 113, 1, 4, 0, 0, 0.00%, 0, 0, 1, 332.32
1592425546, 113, 3, 4, 0, 0, 0.00%, 0, 0, 1, 320.00
1592425551, 114, 1, 4, 0, 0, 0.00%, 0, 0, 1, 337.99
1592425556, 115, 0, 4, 0, 0, 0.00%, 0, 0, 1, 342.50
1592425561, 115, 2, 4, 0, 0, 0.00%, 0, 0, 1, 342.49
1592425566, 116, 0, 4, 0, 0, 0.00%, 0, 0, 1, 340.70
1592425571, 116, 3, 4, 0, 0, 0.00%, 0, 0, 1, 337.42
1592425576, 117, 1, 4, 0, 0, 0.00%, 0, 0, 1, 335.25
1592425581, 117, 3, 4, 0, 0, 0.00%, 0, 0, 1, 343.54
1592425587, 118, 2, 4, 0, 0, 0.00%, 0, 0, 1, 335.82
1592425592, 119, 0, 4, 0, 0, 0.00%, 0, 0, 1, 347.01
1592425597, 119, 2, 4, 0, 0, 0.00%, 0, 0, 1, 341.45
1592425602, 120, 1, 4, 0, 0, 0.00%, 0, 0, 1, 337.47
1592425607, 120, 3, 4, 0, 0, 0.00%, 0, 0, 1, 333.66
1592425612, 121, 1, 4, 0, 0, 0.00%, 0, 0, 1, 338.85
1592425617, 122, 0, 4, 0, 0, 0.00%, 0, 0, 1, 338.90
1592425623, 122, 2, 4, 0, 0, 0.00%, 0, 0, 1, 337.80
1592425628, 123, 0, 4, 0, 0, 0.00%, 0, 0, 1, 336.51
1592425633, 123, 3, 4, 0, 0, 0.00%, 0, 0, 1, 340.79
1592425638, 124, 1, 4, 0, 0, 0.00%, 0, 0, 1, 346.31
1592425643, 125, 0, 4, 0, 0, 0.00%, 0, 0, 1, 331.41
1592425648, 125, 2, 4, 0, 0, 0.00%, 0, 0, 1, 325.40
1592425654, 126, 0, 4, 0, 0, 0.00%, 0, 0, 1, 331.89
1592425659, 126, 2, 4, 0, 0, 0.00%, 0, 0, 1, 322.31
1592425664, 127, 1, 4, 0, 0, 0.00%, 0, 0, 1, 340.60
1592425669, 127, 3, 4, 0, 0, 0.00%, 0, 0, 1, 323.05
1592425674, 128, 1, 4, 0, 0, 0.00%, 0, 0, 1, 339.12
1592425679, 129, 0, 4, 0, 0, 0.00%, 0, 0, 1, 338.58
1592425684, 129, 2, 4, 0, 0, 0.00%, 0, 0, 1, 336.86
1592425689, 130, 0, 4, 0, 0, 0.00%, 0, 0, 1, 339.48
1592425695, 130, 3, 4, 0, 0, 0.00%, 0, 0, 1, 334.01
1592425700, 131, 1, 4, 0, 0, 0.00%, 0, 0, 1, 333.84
1592425705, 132, 0, 4, 0, 0, 0.00%, 0, 0, 1, 341.31
1592425710, 132, 2, 4, 0, 0, 0.00%, 0, 0, 1, 337.51
1592425715, 133, 0, 4, 0, 0, 0.00%, 0, 0, 1, 341.72
1592425720, 133, 3, 4, 0, 0, 0.00%, 0, 0, 1, 336.30
1592425725, 134, 1, 4, 0, 0, 0.00%, 0, 0, 1, 345.16
1592425730, 134, 3, 4, 0, 0, 0.00%, 0, 0, 1, 340.59
1592425736, 135, 2, 4, 0, 0, 0.00%, 0, 0, 1, 335.45
1592425741, 136, 0, 4, 0, 0, 0.00%, 0, 0, 1, 332.46
1592425746, 136, 2, 4, 0, 0, 0.00%, 0, 0, 1, 340.80
1592425751, 137, 1, 4, 0, 0, 0.00%, 0, 0, 1, 335.94
1592425756, 137, 3, 4, 0, 0, 0.00%, 0, 0, 1, 334.02
1592425761, 138, 2, 4, 0, 0, 0.00%, 0, 0, 1, 343.43
1592425766, 139, 0, 4, 0, 0, 0.00%, 0, 0, 1, 334.41
1592425771, 139, 2, 4, 0, 0, 0.00%, 0, 0, 1, 333.01
1592425777, 140, 0, 4, 0, 0, 0.00%, 0, 0, 1, 340.74
1592425782, 140, 2, 4, 0, 0, 0.00%, 0, 0, 1, 283.59
1592425787, 141, 1, 4, 0, 0, 0.00%, 0, 0, 1, 323.58
1592425792, 141, 3, 4, 0, 0, 0.00%, 0, 0, 1, 328.31
1592425797, 142, 1, 4, 0, 0, 0.00%, 0, 0, 1, 336.37
1592425802, 143, 0, 4, 0, 0, 0.00%, 0, 0, 1, 340.20
1592425807, 143, 2, 4, 0, 0, 0.00%, 0, 0, 1, 341.29
1592425813, 144, 1, 4, 0, 0, 0.00%, 0, 0, 1, 346.69
1592425818, 144, 3, 4, 0, 0, 0.00%, 0, 0, 1, 340.83
1592425823, 145, 1, 4, 0, 0, 0.00%, 0, 0, 1, 339.22
1592425828, 146, 0, 4, 0, 0, 0.00%, 0, 0, 1, 339.81
1592425833, 146, 2, 4, 0, 0, 0.00%, 0, 0, 1, 341.74
1592425838, 147, 0, 4, 0, 0, 0.00%, 0, 0, 1, 342.90
1592425843, 147, 2, 4, 0, 0, 0.00%, 0, 0, 1, 319.30
1592425848, 148, 1, 4, 0, 0, 0.00%, 0, 0, 1, 322.53
1592425853, 148, 3, 4, 0, 0, 0.00%, 0, 0, 1, 329.81
1592425858, 149, 1, 4, 0, 0, 0.00%, 0, 0, 1, 335.05
1592425863, 150, 0, 4, 0, 0, 0.00%, 0, 0, 1, 345.02
1592425869, 150, 2, 4, 0, 0, 0.00%, 0, 0, 1, 341.47
1592425874, 151, 1, 4, 0, 0, 0.00%, 0, 0, 1, 330.69
1592425879, 151, 3, 4, 0, 0, 0.00%, 0, 0, 1, 334.53
1592425884, 152, 1, 4, 0, 0, 0.00%, 0, 0, 1, 320.42
1592425889, 152, 3, 4, 0, 0, 0.00%, 0, 0, 1, 326.26
1592425894, 153, 2, 4, 0, 0, 0.00%, 0, 0, 1, 336.57
1592425900, 154, 0, 4, 0, 0, 0.00%, 0, 0, 1, 323.48
1592425905, 154, 2, 4, 0, 0, 0.00%, 0, 0, 1, 323.19
1592425910, 155, 1, 4, 0, 0, 0.00%, 0, 0, 1, 323.65
1592425915, 155, 3, 4, 0, 0, 0.00%, 0, 0, 1, 337.24
1592425920, 156, 1, 4, 0, 0, 0.00%, 0, 0, 1, 331.37
1592425926, 157, 0, 4, 0, 0, 0.00%, 0, 0, 1, 333.64
1592425931, 157, 2, 4, 0, 0, 0.00%, 0, 0, 1, 330.12
1592425936, 158, 0, 4, 0, 0, 0.00%, 0, 0, 1, 328.88
1592425941, 158, 3, 4, 0, 0, 0.00%, 0, 0, 1, 338.43
1592425946, 159, 1, 4, 0, 0, 0.00%, 0, 0, 1, 343.39
1592425951, 159, 3, 4, 0, 0, 0.00%, 0, 0, 1, 334.80
1592425956, 160, 2, 4, 0, 0, 0.00%, 0, 0, 1, 338.52
1592425961, 161, 0, 4, 0, 0, 0.00%, 0, 0, 1, 335.77
1592425966, 161, 2, 4, 0, 0, 0.00%, 0, 0, 1, 326.31
1592425972, 162, 1, 4, 0, 0, 0.00%, 0, 0, 1, 332.31
1592425977, 162, 3, 4, 0, 0, 0.00%, 0, 0, 1, 337.58
1592425982, 163, 1, 4, 0, 0, 0.00%, 0, 0, 1, 333.59
1592425987, 164, 0, 4, 0, 0, 0.00%, 0, 0, 1, 342.95
1592425992, 164, 2, 4, 0, 0, 0.00%, 0, 0, 1, 356.63
1592425997, 165, 0, 4, 0, 0, 0.00%, 0, 0, 1, 330.10
1592426002, 165, 3, 4, 0, 0, 0.00%, 0, 0, 1, 324.90
1592426008, 166, 1, 4, 0, 0, 0.00%, 0, 0, 1, 345.67
1592426013, 166, 3, 4, 0, 0, 0.00%, 0, 0, 1, 340.38
1592426018, 167, 2, 4, 0, 0, 0.00%, 0, 0, 1, 342.85
1592426023, 168, 0, 4, 0, 0, 0.00%, 0, 0, 1, 343.21
1592426028, 168, 3, 4, 0, 0, 0.00%, 0, 0, 1, 340.06
1592426033, 169, 1, 4, 0, 0, 0.00%, 0, 0, 1, 318.56
1592426038, 169, 3, 4, 0, 0, 0.00%, 0, 0, 1, 317.70
1592426044, 170, 1, 4, 0, 0, 0.00%, 0, 0, 1, 323.73
1592426049, 171, 0, 4, 0, 0, 0.00%, 0, 0, 1, 329.61
1592426054, 171, 2, 4, 0, 0, 0.00%, 0, 0, 1, 340.10
1592426059, 172, 0, 4, 0, 0, 0.00%, 0, 0, 1, 337.72
1592426064, 172, 3, 4, 0, 0, 0.00%, 0, 0, 1, 341.07
1592426069, 173, 1, 4, 0, 0, 0.00%, 0, 0, 1, 339.89
1592426075, 173, 3, 4, 0, 0, 0.00%, 0, 0, 1, 339.03
1592426080, 174, 2, 4, 0, 0, 0.00%, 0, 0, 1, 339.64
1592426085, 175, 0, 4, 0, 0, 0.00%, 0, 0, 1, 346.88
1592426090, 175, 3, 4, 0, 0, 0.00%, 0, 0, 1, 337.80
1592426095, 176, 1, 4, 0, 0, 0.00%, 0, 0, 1, 338.30
1592426100, 176, 3, 4, 0, 0, 0.00%, 0, 0, 1, 328.45
1592426106, 177, 2, 4, 0, 0, 0.00%, 0, 0, 1, 332.11
1592426111, 178, 0, 4, 0, 0, 0.00%, 0, 0, 1, 340.55
1592426116, 178, 2, 4, 0, 0, 0.00%, 0, 0, 1, 331.56
1592426121, 179, 1, 4, 0, 0, 0.00%, 0, 0, 1, 327.70
1592426126, 179, 3, 4, 0, 0, 0.00%, 0, 0, 1, 335.53
1592426131, 180, 1, 4, 0, 0, 0.00%, 0, 0, 1, 344.53
1592426137, 181, 0, 4, 0, 0, 0.00%, 0, 0, 1, 325.20
1592426142, 181, 2, 4, 0, 0, 0.00%, 0, 0, 1, 330.23
1592426147, 182, 0, 4, 0, 0, 0.00%, 0, 0, 1, 327.80
1592426152, 182, 3, 4, 0, 0, 0.00%, 0, 0, 1, 334.50
1592426157, 183, 1, 4, 0, 0, 0.00%, 0, 0, 1, 333.37
1592426162, 183, 3, 4, 0, 0, 0.00%, 0, 0, 1, 326.05
1592426168, 184, 2, 4, 0, 0, 0.00%, 0, 0, 1, 324.35
1592426173, 185, 0, 4, 0, 0, 0.00%, 0, 0, 1, 328.17
1592426178, 185, 2, 4, 0, 0, 0.00%, 0, 0, 1, 326.70
1592426183, 186, 0, 4, 0, 0, 0.00%, 0, 0, 1, 339.81
1592426188, 186, 3, 4, 0, 0, 0.00%, 0, 0, 1, 339.74
1592426193, 187, 1, 4, 0, 0, 0.00%, 0, 0, 1, 345.39
1592426198, 188, 0, 4, 0, 0, 0.00%, 0, 0, 1, 337.86
1592426203, 188, 2, 4, 0, 0, 0.00%, 0, 0, 1, 337.88
1592426209, 189, 0, 4, 0, 0, 0.00%, 0, 0, 1, 330.60
1592426214, 189, 3, 4, 0, 0, 0.00%, 0, 0, 1, 341.42
1592426219, 190, 1, 4, 0, 0, 0.00%, 0, 0, 1, 336.97
1592426224, 190, 3, 4, 0, 0, 0.00%, 0, 0, 1, 340.68
1592426229, 191, 2, 4, 0, 0, 0.00%, 0, 0, 1, 334.59
1592426235, 192, 0, 4, 0, 0, 0.00%, 0, 0, 1, 337.99
1592426240, 192, 3, 4, 0, 0, 0.00%, 0, 0, 1, 338.85
1592426245, 193, 1, 4, 0, 0, 0.00%, 0, 0, 1, 338.04
1592426250, 193, 3, 4, 0, 0, 0.00%, 0, 0, 1, 342.29
1592426255, 194, 2, 4, 0, 0, 0.00%, 0, 0, 1, 341.66
1592426260, 195, 0, 4, 0, 0, 0.00%, 0, 0, 1, 344.36
1592426265, 195, 2, 4, 0, 0, 0.00%, 0, 0, 1, 334.50
1592426270, 196, 1, 4, 0, 0, 0.00%, 0, 0, 1, 343.34
1592426275, 196, 3, 4, 0, 0, 0.00%, 0, 0, 1, 340.79
1592426281, 197, 1, 4, 0, 0, 0.00%, 0, 0, 1, 335.95
1592426286, 198, 0, 4, 0, 0, 0.00%, 0, 0, 1, 336.49
1592426291, 198, 2, 4, 0, 0, 0.00%, 0, 0, 1, 338.22
1592426296, 199, 0, 4, 0, 0, 0.00%, 0, 0, 1, 319.38
1592426301, 199, 3, 4, 0, 0, 0.00%, 0, 0, 1, 333.44
1592426306, 200, 1, 4, 0, 0, 0.00%, 0, 0, 1, 337.03
1592426312, 200, 3, 4, 0, 0, 0.00%, 0, 0, 1, 329.31
1592426317, 201, 1, 4, 0, 0, 0.00%, 0, 0, 1, 324.62
1592426322, 202, 0, 4, 0, 0, 0.00%, 0, 0, 1, 321.91
1592426327, 202, 2, 4, 0, 0, 0.00%, 0, 0, 1, 318.22
1592426332, 203, 0, 4, 0, 0, 0.00%, 0, 0, 1, 335.87
1592426337, 203, 2, 4, 0, 0, 0.00%, 0, 0, 1, 327.12
1592426342, 204, 1, 4, 0, 0, 0.00%, 0, 0, 1, 336.79
1592426348, 204, 3, 4, 0, 0, 0.00%, 0, 0, 1, 344.14
1592426353, 205, 2, 4, 0, 0, 0.00%, 0, 0, 1, 342.05
1592426358, 206, 0, 4, 0, 0, 0.00%, 0, 0, 1, 321.86
1592426363, 206, 2, 4, 0, 0, 0.00%, 0, 0, 1, 329.58
1592426368, 207, 1, 4, 0, 0, 0.00%, 0, 0, 1, 337.82
1592426373, 207, 3, 4, 0, 0, 0.00%, 0, 0, 1, 336.58
1592426378, 208, 1, 4, 0, 0, 0.00%, 0, 0, 1, 325.01
1592426384, 209, 0, 4, 0, 0, 0.00%, 0, 0, 1, 335.52
1592426389, 209, 2, 4, 0, 0, 0.00%, 0, 0, 1, 335.16
1592426394, 210, 0, 4, 0, 0, 0.00%, 0, 0, 1, 340.27
1592426399, 210, 3, 4, 0, 0, 0.00%, 0, 0, 1, 329.71
1592426404, 211, 1, 4, 0, 0, 0.00%, 0, 0, 1, 336.17
1592426409, 211, 3, 4, 0, 0, 0.00%, 0, 0, 1, 326.13
1592426414, 212, 2, 4, 0, 0, 0.00%, 0, 0, 1, 300.57
1592426419, 213, 0, 4, 0, 0, 0.00%, 0, 0, 1, 307.88
1592426425, 213, 2, 4, 0, 0, 0.00%, 0, 0, 1, 11.81
1592426430, 214, 0, 4, 0, 0, 0.00%, 0, 0, 1, 291.68
1592426435, 214, 2, 4, 0, 0, 0.00%, 0, 0, 1, 304.81
1592426440, 215, 0, 4, 0, 0, 0.00%, 0, 0, 1, 306.66
1592426445, 215, 2, 4, 0, 0, 0.00%, 0, 0, 1, 296.52
1592426450, 215, 3, 4, 0, 0, 0.00%, 0, 0, 1, 155.34
1592426455, 216, 2, 4, 0, 0, 0.00%, 0, 0, 1, 293.83
1592426460, 217, 0, 4, 0, 0, 0.00%, 0, 0, 1, 292.98
1592426466, 217, 2, 4, 0, 0, 0.00%, 0, 0, 1, 326.85
1592426471, 218, 0, 4, 0, 0, 0.00%, 0, 0, 1, 304.57
1592426476, 218, 2, 4, 0, 0, 0.00%, 0, 0, 1, 289.31
1592426481, 219, 0, 4, 0, 0, 0.00%, 0, 0, 1, 299.62
1592426486, 219, 2, 4, 0, 0, 0.00%, 0, 0, 1, 246.42
1592426491, 220, 0, 4, 0, 0, 0.00%, 0, 0, 1, 309.89
1592426496, 220, 3, 4, 0, 0, 0.00%, 0, 0, 1, 320.03
1592426501, 221, 1, 4, 0, 0, 0.00%, 0, 0, 1, 307.11
1592426507, 221, 3, 4, 0, 0, 0.00%, 0, 0, 1, 271.31
1592426512, 222, 0, 4, 0, 0, 0.00%, 0, 0, 1, 268.23
1592426517, 222, 3, 4, 0, 0, 0.00%, 0, 0, 1, 306.95
1592426522, 223, 1, 4, 0, 0, 0.00%, 0, 0, 1, 307.95
1592426527, 223, 3, 4, 0, 0, 0.00%, 0, 0, 1, 324.99
1592426532, 224, 1, 4, 0, 0, 0.00%, 0, 0, 1, 316.71
1592426537, 225, 0, 4, 0, 0, 0.00%, 0, 0, 1, 327.87
1592426543, 225, 2, 4, 0, 0, 0.00%, 0, 0, 1, 305.27
1592426548, 226, 0, 4, 0, 0, 0.00%, 0, 0, 1, 322.89
1592426553, 226, 2, 4, 0, 0, 0.00%, 0, 0, 1, 329.65
1592426558, 227, 1, 4, 0, 0, 0.00%, 0, 0, 1, 326.21
1592426563, 227, 3, 4, 0, 0, 0.00%, 0, 0, 1, 327.34
1592426568, 228, 1, 4, 0, 0, 0.00%, 0, 0, 1, 316.22
1592426573, 228, 3, 4, 0, 0, 0.00%, 0, 0, 1, 329.30
1592426578, 229, 1, 4, 0, 0, 0.00%, 0, 0, 1, 323.48
1592426584, 230, 0, 4, 0, 0, 0.00%, 0, 0, 1, 317.01
1592426589, 230, 2, 4, 0, 0, 0.00%, 0, 0, 1, 326.62
1592426594, 231, 0, 4, 0, 0, 0.00%, 0, 0, 1, 309.38
1592426599, 231, 2, 4, 0, 0, 0.00%, 0, 0, 1, 332.03
1592426604, 232, 1, 4, 0, 0, 0.00%, 0, 0, 1, 334.23
1592426609, 232, 3, 4, 0, 0, 0.00%, 0, 0, 1, 331.61
1592426614, 233, 1, 4, 0, 0, 0.00%, 0, 0, 1, 323.11
1592426619, 233, 3, 4, 0, 0, 0.00%, 0, 0, 1, 321.79
1592426624, 234, 2, 4, 0, 0, 0.00%, 0, 0, 1, 325.15
1592426629, 235, 0, 4, 0, 0, 0.00%, 0, 0, 1, 322.97
1592426634, 235, 2, 4, 0, 0, 0.00%, 0, 0, 1, 326.02
1592426640, 236, 1, 4, 0, 0, 0.00%, 0, 0, 1, 319.20
1592426645, 236, 3, 4, 0, 0, 0.00%, 0, 0, 1, 318.71
1592426650, 237, 1, 4, 0, 0, 0.00%, 0, 0, 1, 328.97
1592426655, 237, 3, 4, 0, 0, 0.00%, 0, 0, 1, 323.91
1592426660, 238, 1, 4, 0, 0, 0.00%, 0, 0, 1, 324.64
1592426665, 239, 0, 4, 0, 0, 0.00%, 0, 0, 1, 330.81
1592426670, 239, 2, 4, 0, 0, 0.00%, 0, 0, 1, 322.65
1592426675, 240, 0, 4, 0, 0, 0.00%, 0, 0, 1, 330.06
1592426680, 240, 2, 4, 0, 0, 0.00%, 0, 0, 1, 324.34
1592426685, 241, 1, 4, 0, 0, 0.00%, 0, 0, 1, 324.14
1592426690, 241, 3, 4, 0, 0, 0.00%, 0, 0, 1, 324.84
1592426695, 242, 1, 4, 0, 0, 0.00%, 0, 0, 1, 326.39
1592426701, 242, 3, 4, 0, 0, 0.00%, 0, 0, 1, 314.34
1592426706, 243, 2, 4, 0, 0, 0.00%, 0, 0, 1, 318.52
1592426711, 244, 0, 4, 0, 0, 0.00%, 0, 0, 1, 321.96
1592426716, 244, 2, 4, 0, 0, 0.00%, 0, 0, 1, 313.53
1592426721, 245, 0, 4, 0, 0, 0.00%, 0, 0, 1, 328.46
1592426726, 245, 2, 4, 0, 0, 0.00%, 0, 0, 1, 325.58
1592426731, 246, 1, 4, 0, 0, 0.00%, 0, 0, 1, 318.31
1592426736, 246, 3, 4, 0, 0, 0.00%, 0, 0, 1, 316.24
1592426741, 247, 1, 4, 0, 0, 0.00%, 0, 0, 1, 322.35
1592426747, 247, 3, 4, 0, 0, 0.00%, 0, 0, 1, 309.42
1592426752, 248, 1, 4, 0, 0, 0.00%, 0, 0, 1, 314.66
1592426757, 249, 0, 4, 0, 0, 0.00%, 0, 0, 1, 325.14
1592426762, 249, 2, 4, 0, 0, 0.00%, 0, 0, 1, 324.90
1592426767, 250, 0, 4, 0, 0, 0.00%, 0, 0, 1, 325.10
1592426772, 250, 2, 4, 0, 0, 0.00%, 0, 0, 1, 325.37
1592426777, 251, 1, 4, 0, 0, 0.00%, 0, 0, 1, 317.24
1592426782, 251, 3, 4, 0, 0, 0.00%, 0, 0, 1, 322.56
1592426787, 252, 1, 4, 0, 0, 0.00%, 0, 0, 1, 318.79
1592426792, 252, 3, 4, 0, 0, 0.00%, 0, 0, 1, 319.00
1592426798, 253, 2, 4, 0, 0, 0.00%, 0, 0, 1, 318.73
1592426803, 254, 0, 4, 0, 0, 0.00%, 0, 0, 1, 323.07
1592426808, 254, 2, 4, 0, 0, 0.00%, 0, 0, 1, 324.50
1592426813, 255, 0, 4, 0, 0, 0.00%, 0, 0, 1, 311.21
1592426818, 255, 2, 4, 0, 0, 0.00%, 0, 0, 1, 321.12
1592426823, 256, 1, 4, 0, 0, 0.00%, 0, 0, 1, 320.94
1592426828, 256, 3, 4, 0, 0, 0.00%, 0, 0, 1, 319.97
1592426833, 257, 1, 4, 0, 0, 0.00%, 0, 0, 1, 327.48
1592426838, 257, 3, 4, 0, 0, 0.00%, 0, 0, 1, 320.74
1592426843, 258, 2, 4, 0, 0, 0.00%, 0, 0, 1, 325.37
1592426849, 259, 0, 4, 0, 0, 0.00%, 0, 0, 1, 321.17
1592426854, 259, 2, 4, 0, 0, 0.00%, 0, 0, 1, 315.42
1592426859, 260, 0, 4, 0, 0, 0.00%, 0, 0, 1, 322.27
1592426864, 260, 3, 4, 0, 0, 0.00%, 0, 0, 1, 322.42
1592426869, 261, 1, 4, 0, 0, 0.00%, 0, 0, 1, 320.35
1592426874, 261, 3, 4, 0, 0, 0.00%, 0, 0, 1, 327.51
1592426879, 262, 1, 4, 0, 0, 0.00%, 0, 0, 1, 326.40
1592426884, 263, 0, 4, 0, 0, 0.00%, 0, 0, 1, 329.78
1592426889, 263, 2, 4, 0, 0, 0.00%, 0, 0, 1, 329.78
1592426894, 264, 0, 4, 0, 0, 0.00%, 0, 0, 1, 322.73
1592426900, 264, 2, 4, 0, 0, 0.00%, 0, 0, 1, 319.21
1592426905, 265, 0, 4, 0, 0, 0.00%, 0, 0, 1, 322.43
1592426910, 265, 2, 4, 0, 0, 0.00%, 0, 0, 1, 299.72
1592426915, 266, 0, 4, 0, 0, 0.00%, 0, 0, 1, 269.92
1592426920, 266, 2, 4, 0, 0, 0.00%, 0, 0, 1, 286.48
1592426925, 267, 1, 4, 0, 0, 0.00%, 0, 0, 1, 311.87
1592426930, 267, 3, 4, 0, 0, 0.00%, 0, 0, 1, 310.81
1592426935, 268, 1, 4, 0, 0, 0.00%, 0, 0, 1, 321.87
1592426940, 268, 3, 4, 0, 0, 0.00%, 0, 0, 1, 321.86
1592426946, 269, 1, 4, 0, 0, 0.00%, 0, 0, 1, 321.17
1592426951, 270, 0, 4, 0, 0, 0.00%, 0, 0, 1, 322.00
1592426956, 270, 2, 4, 0, 0, 0.00%, 0, 0, 1, 311.95
1592426961, 271, 0, 4, 0, 0, 0.00%, 0, 0, 1, 311.92
1592426966, 271, 2, 4, 0, 0, 0.00%, 0, 0, 1, 311.94
1592426971, 272, 1, 4, 0, 0, 0.00%, 0, 0, 1, 319.34
1592426976, 272, 3, 4, 0, 0, 0.00%, 0, 0, 1, 321.33
1592426981, 273, 1, 4, 0, 0, 0.00%, 0, 0, 1, 319.24
1592426986, 273, 3, 4, 0, 0, 0.00%, 0, 0, 1, 305.67
1592426991, 274, 1, 4, 0, 0, 0.00%, 0, 0, 1, 295.05
1592426996, 274, 3, 4, 0, 0, 0.00%, 0, 0, 1, 291.17
1592427002, 275, 1, 4, 0, 0, 0.00%, 0, 0, 1, 298.24
1592427007, 275, 3, 4, 0, 0, 0.00%, 0, 0, 1, 310.33
1592427012, 276, 1, 4, 0, 0, 0.00%, 0, 0, 1, 317.92
1592427017, 277, 0, 4, 0, 0, 0.00%, 0, 0, 1, 316.94
1592427022, 277, 2, 4, 0, 0, 0.00%, 0, 0, 1, 316.88
1592427027, 278, 0, 4, 0, 0, 0.00%, 0, 0, 1, 302.76
1592427033, 278, 2, 4, 0, 0, 0.00%, 0, 0, 1, 317.23
1592427038, 279, 0, 4, 0, 0, 0.00%, 0, 0, 1, 304.78
1592427043, 279, 2, 4, 0, 0, 0.00%, 0, 0, 1, 308.61
1592427048, 280, 0, 4, 0, 0, 0.00%, 0, 0, 1, 292.82
1592427053, 280, 3, 4, 0, 0, 0.00%, 0, 0, 1, 320.52
1592427058, 281, 1, 4, 0, 0, 0.00%, 0, 0, 1, 287.13
1592427063, 281, 3, 4, 0, 0, 0.00%, 0, 0, 1, 319.13
1592427068, 282, 1, 4, 0, 0, 0.00%, 0, 0, 1, 316.17
1592427073, 282, 3, 4, 0, 0, 0.00%, 0, 0, 1, 310.94
1592427079, 283, 1, 4, 0, 0, 0.00%, 0, 0, 1, 297.64
1592427084, 283, 3, 4, 0, 0, 0.00%, 0, 0, 1, 272.18
1592427089, 284, 1, 4, 0, 0, 0.00%, 0, 0, 1, 301.85
1592427094, 285, 0, 4, 0, 0, 0.00%, 0, 0, 1, 315.86
1592427099, 285, 2, 4, 0, 0, 0.00%, 0, 0, 1, 284.95
1592427104, 286, 0, 4, 0, 0, 0.00%, 0, 0, 1, 292.12
1592427109, 286, 2, 4, 0, 0, 0.00%, 0, 0, 1, 293.59
1592427114, 287, 0, 4, 0, 0, 0.00%, 0, 0, 1, 315.66
1592427120, 287, 2, 4, 0, 0, 0.00%, 0, 0, 1, 307.80
1592427125, 288, 0, 4, 0, 0, 0.00%, 0, 0, 1, 317.83
1592427130, 288, 2, 4, 0, 0, 0.00%, 0, 0, 1, 293.24
1592427135, 289, 0, 4, 0, 0, 0.00%, 0, 0, 1, 285.87
1592427140, 289, 2, 4, 0, 0, 0.00%, 0, 0, 1, 309.86
1592427145, 290, 0, 4, 0, 0, 0.00%, 0, 0, 1, 314.62
1592427150, 290, 3, 4, 0, 0, 0.00%, 0, 0, 1, 308.61
1592427155, 291, 1, 4, 0, 0, 0.00%, 0, 0, 1, 303.32
1592427161, 291, 3, 4, 0, 0, 0.00%, 0, 0, 1, 300.94
1592427166, 292, 1, 4, 0, 0, 0.00%, 0, 0, 1, 297.22
1592427171, 292, 3, 4, 0, 0, 0.00%, 0, 0, 1, 308.92
1592427176, 293, 1, 4, 0, 0, 0.00%, 0, 0, 1, 315.24
1592427181, 293, 3, 4, 0, 0, 0.00%, 0, 0, 1, 309.45
1592427186, 294, 1, 4, 0, 0, 0.00%, 0, 0, 1, 300.83
1592427191, 295, 0, 4, 0, 0, 0.00%, 0, 0, 1, 319.14
1592427196, 295, 2, 4, 0, 0, 0.00%, 0, 0, 1, 320.32
1592427201, 296, 0, 4, 0, 0, 0.00%, 0, 0, 1, 333.75
1592427206, 296, 2, 4, 0, 0, 0.00%, 0, 0, 1, 323.59
1592427211, 297, 0, 4, 0, 0, 0.00%, 0, 0, 1, 315.42
1592427217, 297, 3, 4, 0, 0, 0.00%, 0, 0, 1, 312.34
1592427222, 298, 1, 4, 0, 0, 0.00%, 0, 0, 1, 326.29
1592427227, 298, 3, 4, 0, 0, 0.00%, 0, 0, 1, 289.99
1592427232, 299, 1, 4, 0, 0, 0.00%, 0, 0, 1, 315.43
1592427237, 299, 3, 4, 0, 0, 0.00%, 0, 0, 1, 303.53
1592427242, 300, 1, 4, 0, 0, 0.00%, 0, 0, 1, 301.43
1592427247, 300, 3, 4, 0, 0, 0.00%, 0, 0, 1, 318.86
1592427252, 301, 2, 4, 0, 0, 0.00%, 0, 0, 1, 304.02
1592427257, 302, 0, 4, 0, 0, 0.00%, 0, 0, 1, 330.03
1592427263, 302, 2, 4, 0, 0, 0.00%, 0, 0, 1, 165.84
1592427268, 303, 0, 4, 0, 0, 0.00%, 0, 0, 1, 269.48
1592427273, 303, 2, 4, 0, 0, 0.00%, 0, 0, 1, 310.01
1592427278, 304, 0, 4, 0, 0, 0.00%, 0, 0, 1, 281.45
1592427283, 304, 2, 4, 0, 0, 0.00%, 0, 0, 1, 309.72
1592427288, 305, 0, 4, 0, 0, 0.00%, 0, 0, 1, 299.05
1592427294, 305, 3, 4, 0, 0, 0.00%, 0, 0, 1, 309.58
1592427299, 306, 1, 4, 0, 0, 0.00%, 0, 0, 1, 322.87
1592427304, 306, 3, 4, 0, 0, 0.00%, 0, 0, 1, 320.08
1592427309, 307, 2, 4, 0, 0, 0.00%, 0, 0, 1, 330.21
1592427314, 308, 0, 4, 0, 0, 0.00%, 0, 0, 1, 318.15
1592427319, 308, 2, 4, 0, 0, 0.00%, 0, 0, 1, 304.24
1592427324, 309, 0, 4, 0, 0, 0.00%, 0, 0, 1, 319.45
1592427329, 309, 2, 4, 0, 0, 0.00%, 0, 0, 1, 318.95
1592427335, 310, 0, 4, 0, 0, 0.00%, 0, 0, 1, 328.99
1592427340, 310, 3, 4, 0, 0, 0.00%, 0, 0, 1, 323.29
1592427345, 311, 1, 4, 0, 0, 0.00%, 0, 0, 1, 325.97
1592427350, 311, 3, 4, 0, 0, 0.00%, 0, 0, 1, 309.30
1592427355, 312, 1, 4, 0, 0, 0.00%, 0, 0, 1, 232.60
1592427360, 312, 3, 4, 0, 0, 0.00%, 0, 0, 1, 300.42
1592427365, 313, 1, 4, 0, 0, 0.00%, 0, 0, 1, 316.84
1592427370, 313, 3, 4, 0, 0, 0.00%, 0, 0, 1, 320.34
1592427376, 314, 2, 4, 0, 0, 0.00%, 0, 0, 1, 314.50
1592427381, 315, 0, 4, 0, 0, 0.00%, 0, 0, 1, 317.79
1592427386, 315, 2, 4, 0, 0, 0.00%, 0, 0, 1, 322.64
1592427391, 316, 0, 4, 0, 0, 0.00%, 0, 0, 1, 309.58
1592427396, 316, 2, 4, 0, 0, 0.00%, 0, 0, 1, 316.59
1592427401, 317, 0, 4, 0, 0, 0.00%, 0, 0, 1, 290.83
1592427406, 317, 3, 4, 0, 0, 0.00%, 0, 0, 1, 304.28
1592427412, 318, 1, 4, 0, 0, 0.00%, 0, 0, 1, 318.67
1592427417, 318, 3, 4, 0, 0, 0.00%, 0, 0, 1, 328.31
1592427422, 319, 1, 4, 0, 0, 0.00%, 0, 0, 1, 325.93
1592427427, 320, 0, 4, 0, 0, 0.00%, 0, 0, 1, 316.42
1592427432, 320, 2, 4, 0, 0, 0.00%, 0, 0, 1, 319.76
1592427437, 321, 0, 4, 0, 0, 0.00%, 0, 0, 1, 324.96
1592427442, 321, 2, 4, 0, 0, 0.00%, 0, 0, 1, 308.31
1592427448, 322, 1, 4, 0, 0, 0.00%, 0, 0, 1, 327.77
1592427453, 322, 3, 4, 0, 0, 0.00%, 0, 0, 1, 320.35
1592427458, 323, 1, 4, 0, 0, 0.00%, 0, 0, 1, 319.14
1592427463, 323, 3, 4, 0, 0, 0.00%, 0, 0, 1, 327.36
1592427468, 324, 2, 4, 0, 0, 0.00%, 0, 0, 1, 322.17
1592427473, 325, 0, 4, 0, 0, 0.00%, 0, 0, 1, 317.58
1592427479, 325, 2, 4, 0, 0, 0.00%, 0, 0, 1, 324.54
1592427484, 326, 0, 4, 0, 0, 0.00%, 0, 0, 1, 325.90
1592427489, 326, 3, 4, 0, 0, 0.00%, 0, 0, 1, 323.36
1592427494, 327, 1, 4, 0, 0, 0.00%, 0, 0, 1, 321.21
1592427499, 327, 3, 4, 0, 0, 0.00%, 0, 0, 1, 316.74
1592427504, 328, 2, 4, 0, 0, 0.00%, 0, 0, 1, 324.68
1592427510, 329, 0, 4, 0, 0, 0.00%, 0, 0, 1, 325.42
1592427515, 329, 2, 4, 0, 0, 0.00%, 0, 0, 1, 316.98
1592427520, 330, 0, 4, 0, 0, 0.00%, 0, 0, 1, 334.28
1592427525, 330, 3, 4, 0, 0, 0.00%, 0, 0, 1, 322.58
1592427530, 331, 1, 4, 0, 0, 0.00%, 0, 0, 1, 322.37
1592427535, 331, 3, 4, 0, 0, 0.00%, 0, 0, 1, 324.71
1592427541, 332, 1, 4, 0, 0, 0.00%, 0, 0, 1, 321.30
1592427546, 333, 0, 4, 0, 0, 0.00%, 0, 0, 1, 320.17
1592427551, 333, 2, 4, 0, 0, 0.00%, 0, 0, 1, 321.40
1592427556, 334, 0, 4, 0, 0, 0.00%, 0, 0, 1, 314.49
1592427561, 334, 2, 4, 0, 0, 0.00%, 0, 0, 1, 328.86
1592427566, 335, 1, 4, 0, 0, 0.00%, 0, 0, 1, 317.29
1592427571, 335, 3, 4, 0, 0, 0.00%, 0, 0, 1, 321.05
1592427577, 336, 1, 4, 0, 0, 0.00%, 0, 0, 1, 302.08
1592427582, 336, 3, 4, 0, 0, 0.00%, 0, 0, 1, 293.57
1592427587, 337, 1, 4, 0, 0, 0.00%, 0, 0, 1, 302.15
1592427592, 337, 3, 4, 0, 0, 0.00%, 0, 0, 1, 304.98
1592427597, 338, 1, 4, 0, 0, 0.00%, 0, 0, 1, 311.15
1592427602, 339, 0, 4, 0, 0, 0.00%, 0, 0, 1, 313.03
1592427607, 339, 2, 4, 0, 0, 0.00%, 0, 0, 1, 317.98
1592427612, 340, 0, 4, 0, 0, 0.00%, 0, 0, 1, 326.34
1592427618, 340, 2, 4, 0, 0, 0.00%, 0, 0, 1, 317.97
1592427623, 341, 1, 4, 0, 0, 0.00%, 0, 0, 1, 315.75
1592427628, 341, 3, 4, 0, 0, 0.00%, 0, 0, 1, 320.82
1592427633, 342, 1, 4, 0, 0, 0.00%, 0, 0, 1, 328.44
1592427638, 343, 0, 4, 0, 0, 0.00%, 0, 0, 1, 326.33
1592427643, 343, 2, 4, 0, 0, 0.00%, 0, 0, 1, 329.77
1592427648, 344, 0, 4, 0, 0, 0.00%, 0, 0, 1, 316.58
1592427653, 344, 2, 4, 0, 0, 0.00%, 0, 0, 1, 314.97
1592427658, 345, 0, 4, 0, 0, 0.00%, 0, 0, 1, 314.77
1592427664, 345, 2, 4, 0, 0, 0.00%, 0, 0, 1, 307.32
1592427669, 346, 1, 4, 0, 0, 0.00%, 0, 0, 1, 323.49
1592427674, 346, 3, 4, 0, 0, 0.00%, 0, 0, 1, 322.78
1592427679, 347, 1, 4, 0, 0, 0.00%, 0, 0, 1, 327.22
1592427684, 348, 0, 4, 0, 0, 0.00%, 0, 0, 1, 327.74
1592427689, 348, 2, 4, 0, 0, 0.00%, 0, 0, 1, 329.51
1592427694, 349, 0, 4, 0, 0, 0.00%, 0, 0, 1, 325.28
1592427699, 349, 2, 4, 0, 0, 0.00%, 0, 0, 1, 328.67
1592427705, 350, 0, 4, 0, 0, 0.00%, 0, 0, 1, 318.21
1592427710, 350, 3, 4, 0, 0, 0.00%, 0, 0, 1, 323.66
1592427715, 351, 1, 4, 0, 0, 0.00%, 0, 0, 1, 333.44
1592427720, 351, 3, 4, 0, 0, 0.00%, 0, 0, 1, 328.77
1592427725, 352, 2, 4, 0, 0, 0.00%, 0, 0, 1, 330.03
1592427730, 353, 0, 4, 0, 0, 0.00%, 0, 0, 1, 331.02
1592427735, 353, 2, 4, 0, 0, 0.00%, 0, 0, 1, 334.03
1592427740, 354, 1, 4, 0, 0, 0.00%, 0, 0, 1, 323.92
1592427745, 354, 3, 4, 0, 0, 0.00%, 0, 0, 1, 308.95
1592427751, 355, 1, 4, 0, 0, 0.00%, 0, 0, 1, 293.73
1592427756, 355, 3, 4, 0, 0, 0.00%, 0, 0, 1, 287.74
1592427761, 356, 1, 4, 0, 0, 0.00%, 0, 0, 1, 318.17
1592427766, 356, 3, 4, 0, 0, 0.00%, 0, 0, 1, 338.96
1592427771, 357, 2, 4, 0, 0, 0.00%, 0, 0, 1, 333.62
1592427776, 358, 0, 4, 0, 0, 0.00%, 0, 0, 1, 307.27
1592427781, 358, 2, 4, 0, 0, 0.00%, 0, 0, 1, 343.39
1592427786, 359, 0, 4, 0, 0, 0.00%, 0, 0, 1, 305.09
1592427792, 359, 2, 4, 0, 0, 0.00%, 0, 0, 1, 341.71
1592427797, 360, 1, 4, 0, 0, 0.00%, 0, 0, 1, 344.14
1592427802, 360, 3, 4, 0, 0, 0.00%, 0, 0, 1, 351.03
1592427807, 361, 2, 4, 0, 0, 0.00%, 0, 0, 1, 336.83
1592427812, 362, 0, 4, 0, 0, 0.00%, 0, 0, 1, 349.37
1592427817, 362, 3, 4, 0, 0, 0.00%, 0, 0, 1, 351.19
1592427822, 363, 1, 4, 0, 0, 0.00%, 0, 0, 1, 342.71
1592427828, 363, 3, 4, 0, 0, 0.00%, 0, 0, 1, 329.73
1592427833, 364, 1, 4, 0, 0, 0.00%, 0, 0, 1, 317.93
1592427838, 365, 0, 4, 0, 0, 0.00%, 0, 0, 1, 319.60
1592427843, 365, 2, 4, 0, 0, 0.00%, 0, 0, 1, 328.58
1592427848, 366, 0, 4, 0, 0, 0.00%, 0, 0, 1, 321.58
1592427853, 366, 2, 4, 0, 0, 0.00%, 0, 0, 1, 320.73
1592427858, 367, 1, 4, 0, 0, 0.00%, 0, 0, 1, 311.00
1592427863, 367, 3, 4, 0, 0, 0.00%, 0, 0, 1, 308.34
1592427869, 368, 1, 4, 0, 0, 0.00%, 0, 0, 1, 322.40
1592427874, 368, 3, 4, 0, 0, 0.00%, 0, 0, 1, 319.66
1592427879, 369, 1, 4, 0, 0, 0.00%, 0, 0, 1, 286.62
1592427884, 369, 3, 4, 0, 0, 0.00%, 0, 0, 1, 279.17
1592427889, 370, 1, 4, 0, 0, 0.00%, 0, 0, 1, 318.02
1592427894, 371, 0, 4, 0, 0, 0.00%, 0, 0, 1, 319.06
1592427899, 371, 2, 4, 0, 0, 0.00%, 0, 0, 1, 333.45
1592427904, 372, 0, 4, 0, 0, 0.00%, 0, 0, 1, 332.82
1592427910, 372, 2, 4, 0, 0, 0.00%, 0, 0, 1, 318.52
1592427915, 373, 1, 4, 0, 0, 0.00%, 0, 0, 1, 328.76
1592427920, 373, 3, 4, 0, 0, 0.00%, 0, 0, 1, 328.78
1592427925, 374, 1, 4, 0, 0, 0.00%, 0, 0, 1, 333.61
1592427930, 375, 0, 4, 0, 0, 0.00%, 0, 0, 1, 320.78
1592427935, 375, 2, 4, 0, 0, 0.00%, 0, 0, 1, 299.12
1592427941, 376, 0, 4, 0, 0, 0.00%, 0, 0, 1, 299.53
1592427946, 376, 2, 4, 0, 0, 0.00%, 0, 0, 1, 310.74
1592427951, 377, 0, 4, 0, 0, 0.00%, 0, 0, 1, 318.69
1592427956, 377, 3, 4, 0, 0, 0.00%, 0, 0, 1, 323.22
1592427961, 378, 1, 4, 0, 0, 0.00%, 0, 0, 1, 322.85
1592427966, 378, 3, 4, 0, 0, 0.00%, 0, 0, 1, 315.85
1592427972, 379, 1, 4, 0, 0, 0.00%, 0, 0, 1, 318.21
1592427977, 380, 0, 4, 0, 0, 0.00%, 0, 0, 1, 324.61
1592427982, 380, 2, 4, 0, 0, 0.00%, 0, 0, 1, 334.92
1592427987, 381, 0, 4, 0, 0, 0.00%, 0, 0, 1, 326.11
1592427992, 381, 2, 4, 0, 0, 0.00%, 0, 0, 1, 319.68
1592427997, 382, 1, 4, 0, 0, 0.00%, 0, 0, 1, 319.88
1592428003, 382, 3, 4, 0, 0, 0.00%, 0, 0, 1, 320.60
1592428008, 383, 1, 4, 0, 0, 0.00%, 0, 0, 1, 317.98
1592428013, 383, 3, 4, 0, 0, 0.00%, 0, 0, 1, 318.12
1592428018, 384, 1, 4, 0, 0, 0.00%, 0, 0, 1, 296.08
1592428023, 385, 0, 4, 0, 0, 0.00%, 0, 0, 1, 299.63
1592428028, 385, 1, 4, 0, 0, 0.00%, 0, 0, 1, 275.14
1592428033, 386, 0, 4, 0, 0, 0.00%, 0, 0, 1, 305.41
1592428039, 386, 2, 4, 0, 0, 0.00%, 0, 0, 1, 312.96
1592428044, 387, 0, 4, 0, 0, 0.00%, 0, 0, 1, 122.02
1592428049, 387, 2, 4, 0, 0, 0.00%, 0, 0, 1, 263.15
1592428054, 387, 3, 4, 0, 0, 0.00%, 0, 0, 1, 252.62
1592428059, 388, 1, 4, 0, 0, 0.00%, 0, 0, 1, 244.04
1592428064, 388, 3, 4, 0, 0, 0.00%, 0, 0, 1, 286.65
1592428069, 389, 1, 4, 0, 0, 0.00%, 0, 0, 1, 298.74
1592428074, 389, 3, 4, 0, 0, 0.00%, 0, 0, 1, 316.43
1592428080, 390, 2, 4, 0, 0, 0.00%, 0, 0, 1, 322.98
1592428085, 391, 0, 4, 0, 0, 0.00%, 0, 0, 1, 326.36
1592428090, 391, 2, 4, 0, 0, 0.00%, 0, 0, 1, 318.72
1592428095, 392, 0, 4, 0, 0, 0.00%, 0, 0, 1, 321.44
1592428100, 392, 3, 4, 0, 0, 0.00%, 0, 0, 1, 319.63
1592428105, 393, 1, 4, 0, 0, 0.00%, 0, 0, 1, 328.38
1592428111, 393, 3, 4, 0, 0, 0.00%, 0, 0, 1, 321.64
1592428116, 394, 1, 4, 0, 0, 0.00%, 0, 0, 1, 308.41
1592428121, 394, 3, 4, 0, 0, 0.00%, 0, 0, 1, 321.15
1592428126, 395, 2, 4, 0, 0, 0.00%, 0, 0, 1, 316.88
1592428131, 396, 0, 4, 0, 0, 0.00%, 0, 0, 1, 326.02
1592428136, 396, 2, 4, 0, 0, 0.00%, 0, 0, 1, 322.65
1592428141, 397, 0, 4, 0, 0, 0.00%, 0, 0, 1, 318.67
1592428147, 397, 3, 4, 0, 0, 0.00%, 0, 0, 1, 326.37
1592428152, 398, 1, 4, 0, 0, 0.00%, 0, 0, 1, 323.82
1592428157, 398, 3, 4, 0, 0, 0.00%, 0, 0, 1, 318.25
1592428162, 399, 2, 4, 0, 0, 0.00%, 0, 0, 1, 328.47
1592428167, 400, 0, 4, 0, 0, 0.00%, 0, 0, 1, 324.16
1592428172, 400, 2, 4, 0, 0, 0.00%, 0, 0, 1, 306.00
1592428177, 401, 0, 4, 0, 0, 0.00%, 0, 0, 1, 309.05
1592428183, 401, 3, 4, 0, 0, 0.00%, 0, 0, 1, 330.45
1592428188, 402, 1, 4, 0, 0, 0.00%, 0, 0, 1, 317.03
1592428193, 402, 3, 4, 0, 0, 0.00%, 0, 0, 1, 308.92
1592428198, 403, 1, 4, 0, 0, 0.00%, 0, 0, 1, 315.38
1592428203, 403, 3, 4, 0, 0, 0.00%, 0, 0, 1, 317.35
1592428208, 404, 2, 4, 0, 0, 0.00%, 0, 0, 1, 321.94
1592428213, 405, 0, 4, 0, 0, 0.00%, 0, 0, 1, 313.37
1592428219, 405, 2, 4, 0, 0, 0.00%, 0, 0, 1, 309.98
1592428224, 406, 0, 4, 0, 0, 0.00%, 0, 0, 1, 300.52
1592428229, 406, 2, 4, 0, 0, 0.00%, 0, 0, 1, 285.06
1592428234, 407, 0, 4, 0, 0, 0.00%, 0, 0, 1, 280.34
1592428239, 407, 2, 4, 0, 0, 0.00%, 0, 0, 1, 277.16
1592428244, 408, 0, 4, 0, 0, 0.00%, 0, 0, 1, 301.59
1592428250, 408, 2, 4, 0, 0, 0.00%, 0, 0, 1, 313.68
1592428255, 409, 0, 4, 0, 0, 0.00%, 0, 0, 1, 303.97
1592428260, 409, 2, 4, 0, 0, 0.00%, 0, 0, 1, 304.17
1592428265, 410, 0, 4, 0, 0, 0.00%, 0, 0, 1, 302.20
1592428270, 410, 2, 4, 0, 0, 0.00%, 0, 0, 1, 288.03
1592428275, 411, 1, 4, 0, 0, 0.00%, 0, 0, 1, 301.84
1592428280, 411, 3, 4, 0, 0, 0.00%, 0, 0, 1, 309.53
1592428285, 412, 1, 4, 0, 0, 0.00%, 0, 0, 1, 301.78
1592428290, 412, 3, 4, 0, 0, 0.00%, 0, 0, 1, 314.63
1592428295, 413, 1, 4, 0, 0, 0.00%, 0, 0, 1, 308.77
1592428300, 413, 3, 4, 0, 0, 0.00%, 0, 0, 1, 317.26
1592428306, 414, 1, 4, 0, 0, 0.00%, 0, 0, 1, 322.28
1592428311, 415, 0, 4, 0, 0, 0.00%, 0, 0, 1, 324.75
1592428316, 415, 2, 4, 0, 0, 0.00%, 0, 0, 1, 304.30
1592428321, 416, 0, 4, 0, 0, 0.00%, 0, 0, 1, 288.72
1592428326, 416, 2, 4, 0, 0, 0.00%, 0, 0, 1, 317.19
1592428331, 417, 0, 4, 0, 0, 0.00%, 0, 0, 1, 309.64
1592428337, 417, 2, 4, 0, 0, 0.00%, 0, 0, 1, 89.34
1592428342, 418, 0, 4, 0, 0, 0.00%, 0, 0, 1, 246.70
1592428347, 418, 2, 4, 0, 0, 0.00%, 0, 0, 1, 299.61
1592428352, 419, 0, 4, 0, 0, 0.00%, 0, 0, 1, 303.20
1592428357, 419, 3, 4, 0, 0, 0.00%, 0, 0, 1, 314.29
1592428362, 420, 1, 4, 0, 0, 0.00%, 0, 0, 1, 303.34
1592428367, 420, 3, 4, 0, 0, 0.00%, 0, 0, 1, 271.19
1592428372, 421, 1, 4, 0, 0, 0.00%, 0, 0, 1, 306.77
1592428377, 421, 3, 4, 0, 0, 0.00%, 0, 0, 1, 302.58
1592428382, 422, 1, 4, 0, 0, 0.00%, 0, 0, 1, 316.58
1592428388, 422, 3, 4, 0, 0, 0.00%, 0, 0, 1, 320.22
1592428393, 423, 1, 4, 0, 0, 0.00%, 0, 0, 1, 305.68
1592428398, 423, 3, 4, 0, 0, 0.00%, 0, 0, 1, 291.20
1592428403, 424, 1, 4, 0, 0, 0.00%, 0, 0, 1, 295.23
1592428408, 424, 3, 4, 0, 0, 0.00%, 0, 0, 1, 309.13
1592428413, 425, 2, 4, 0, 0, 0.00%, 0, 0, 1, 295.10
1592428418, 426, 0, 4, 0, 0, 0.00%, 0, 0, 1, 308.26
1592428423, 426, 2, 4, 0, 0, 0.00%, 0, 0, 1, 308.72
1592428429, 427, 0, 4, 0, 0, 0.00%, 0, 0, 1, 284.05
1592428434, 427, 2, 4, 0, 0, 0.00%, 0, 0, 1, 306.48
1592428439, 428, 0, 4, 0, 0, 0.00%, 0, 0, 1, 320.50
1592428444, 428, 2, 4, 0, 0, 0.00%, 0, 0, 1, 314.99
1592428449, 429, 1, 4, 0, 0, 0.00%, 0, 0, 1, 321.97
1592428454, 429, 3, 4, 0, 0, 0.00%, 0, 0, 1, 326.24
1592428459, 430, 1, 4, 0, 0, 0.00%, 0, 0, 1, 328.03
1592428465, 430, 3, 4, 0, 0, 0.00%, 0, 0, 1, 330.41
1592428470, 431, 1, 4, 0, 0, 0.00%, 0, 0, 1, 253.93
1592428475, 431, 3, 4, 0, 0, 0.00%, 0, 0, 1, 288.72
1592428480, 432, 1, 4, 0, 0, 0.00%, 0, 0, 1, 287.85
1592428485, 432, 3, 4, 0, 0, 0.00%, 0, 0, 1, 294.66
1592428490, 433, 2, 4, 0, 0, 0.00%, 0, 0, 1, 312.87
1592428495, 434, 0, 4, 0, 0, 0.00%, 0, 0, 1, 328.63
1592428500, 434, 2, 4, 0, 0, 0.00%, 0, 0, 1, 320.75
1592428506, 435, 0, 4, 0, 0, 0.00%, 0, 0, 1, 330.00
1592428511, 435, 3, 4, 0, 0, 0.00%, 0, 0, 1, 319.19
1592428516, 436, 1, 4, 0, 0, 0.00%, 0, 0, 1, 315.49
1592428521, 436, 3, 4, 0, 0, 0.00%, 0, 0, 1, 324.81
1592428526, 437, 1, 4, 0, 0, 0.00%, 0, 0, 1, 329.91
1592428531, 438, 0, 4, 0, 0, 0.00%, 0, 0, 1, 323.64
1592428537, 438, 2, 4, 0, 0, 0.00%, 0, 0, 1, 305.15
1592428542, 439, 0, 4, 0, 0, 0.00%, 0, 0, 1, 287.38
1592428547, 439, 2, 4, 0, 0, 0.00%, 0, 0, 1, 283.78
1592428552, 440, 0, 4, 0, 0, 0.00%, 0, 0, 1, 320.32
1592428557, 440, 2, 4, 0, 0, 0.00%, 0, 0, 1, 318.52
1592428562, 441, 1, 4, 0, 0, 0.00%, 0, 0, 1, 324.12
1592428568, 441, 3, 4, 0, 0, 0.00%, 0, 0, 1, 323.73
1592428573, 442, 1, 4, 0, 0, 0.00%, 0, 0, 1, 324.30
1592428578, 443, 0, 4, 0, 0, 0.00%, 0, 0, 1, 328.48
1592428583, 443, 2, 4, 0, 0, 0.00%, 0, 0, 1, 322.84
1592428588, 444, 0, 4, 0, 0, 0.00%, 0, 0, 1, 331.09
1592428593, 444, 2, 4, 0, 0, 0.00%, 0, 0, 1, 325.15
1592428598, 445, 1, 4, 0, 0, 0.00%, 0, 0, 1, 318.42
1592428603, 445, 3, 4, 0, 0, 0.00%, 0, 0, 1, 330.99
1592428608, 446, 1, 4, 0, 0, 0.00%, 0, 0, 1, 326.44
1592428614, 446, 3, 4, 0, 0, 0.00%, 0, 0, 1, 325.36
1592428619, 447, 2, 4, 0, 0, 0.00%, 0, 0, 1, 331.06
1592428624, 448, 0, 4, 0, 0, 0.00%, 0, 0, 1, 326.21
1592428629, 448, 2, 4, 0, 0, 0.00%, 0, 0, 1, 324.80
1592428634, 449, 1, 4, 0, 0, 0.00%, 0, 0, 1, 333.97
1592428640, 449, 3, 4, 0, 0, 0.00%, 0, 0, 1, 332.90
1592428645, 450, 1, 4, 0, 0, 0.00%, 0, 0, 1, 326.25
1592428650, 451, 0, 4, 0, 0, 0.00%, 0, 0, 1, 330.78
1592428655, 451, 2, 4, 0, 0, 0.00%, 0, 0, 1, 314.52
1592428660, 452, 0, 4, 0, 0, 0.00%, 0, 0, 1, 306.97
1592428665, 452, 2, 4, 0, 0, 0.00%, 0, 0, 1, 312.05
1592428670, 453, 0, 4, 0, 0, 0.00%, 0, 0, 1, 326.36
1592428676, 453, 3, 4, 0, 0, 0.00%, 0, 0, 1, 323.46
1592428681, 454, 1, 4, 0, 0, 0.00%, 0, 0, 1, 325.51
1592428686, 454, 3, 4, 0, 0, 0.00%, 0, 0, 1, 328.59
1592428691, 455, 2, 4, 0, 0, 0.00%, 0, 0, 1, 326.18
1592428696, 456, 0, 4, 0, 0, 0.00%, 0, 0, 1, 325.13
1592428702, 456, 2, 4, 0, 0, 0.00%, 0, 0, 1, 321.96
1592428707, 457, 0, 4, 0, 0, 0.00%, 0, 0, 1, 311.77
1592428712, 457, 3, 4, 0, 0, 0.00%, 0, 0, 1, 307.99
1592428717, 458, 1, 4, 0, 0, 0.00%, 0, 0, 1, 312.67
1592428722, 458, 3, 4, 0, 0, 0.00%, 0, 0, 1, 319.94
1592428727, 459, 1, 4, 0, 0, 0.00%, 0, 0, 1, 314.35
1592428732, 460, 0, 4, 0, 0, 0.00%, 0, 0, 1, 324.50
1592428737, 460, 2, 4, 0, 0, 0.00%, 0, 0, 1, 320.91
1592428743, 461, 0, 4, 0, 0, 0.00%, 0, 0, 1, 331.02
1592428748, 461, 2, 4, 0, 0, 0.00%, 0, 0, 1, 323.24
1592428753, 462, 0, 4, 0, 0, 0.00%, 0, 0, 1, 318.83
1592428758, 462, 3, 4, 0, 0, 0.00%, 0, 0, 1, 320.40
1592428763, 463, 1, 4, 0, 0, 0.00%, 0, 0, 1, 317.12
1592428768, 463, 3, 4, 0, 0, 0.00%, 0, 0, 1, 322.16
1592428773, 464, 1, 4, 0, 0, 0.00%, 0, 0, 1, 320.97
1592428778, 465, 0, 4, 0, 0, 0.00%, 0, 0, 1, 322.48
1592428784, 465, 2, 4, 0, 0, 0.00%, 0, 0, 1, 323.67
1592428789, 466, 0, 4, 0, 0, 0.00%, 0, 0, 1, 323.52
1592428794, 466, 2, 4, 0, 0, 0.00%, 0, 0, 1, 326.55
1592428799, 467, 1, 4, 0, 0, 0.00%, 0, 0, 1, 318.52
1592428804, 467, 3, 4, 0, 0, 0.00%, 0, 0, 1, 330.46
1592428809, 468, 1, 4, 0, 0, 0.00%, 0, 0, 1, 331.88
1592428815, 469, 0, 4, 0, 0, 0.00%, 0, 0, 1, 334.19
1592428820, 469, 2, 4, 0, 0, 0.00%, 0, 0, 1, 322.58
1592428825, 470, 0, 4, 0, 0, 0.00%, 0, 0, 1, 330.97
1592428830, 470, 3, 4, 0, 0, 0.00%, 0, 0, 1, 331.05
1592428835, 471, 1, 4, 0, 0, 0.00%, 0, 0, 1, 334.26
1592428840, 471, 3, 4, 0, 0, 0.00%, 0, 0, 1, 297.10
1592428845, 472, 1, 4, 0, 0, 0.00%, 0, 0, 1, 310.00
1592428850, 472, 3, 4, 0, 0, 0.00%, 0, 0, 1, 320.58
1592428855, 473, 1, 4, 0, 0, 0.00%, 0, 0, 1, 319.82
1592428861, 474, 0, 4, 0, 0, 0.00%, 0, 0, 1, 329.45
1592428866, 474, 2, 4, 0, 0, 0.00%, 0, 0, 1, 327.92
1592428871, 475, 0, 4, 0, 0, 0.00%, 0, 0, 1, 318.60
1592428876, 475, 2, 4, 0, 0, 0.00%, 0, 0, 1, 305.75
1592428881, 476, 1, 4, 0, 0, 0.00%, 0, 0, 1, 311.77
1592428886, 476, 3, 4, 0, 0, 0.00%, 0, 0, 1, 307.34
1592428891, 477, 1, 4, 0, 0, 0.00%, 0, 0, 1, 322.25
1592428896, 477, 3, 4, 0, 0, 0.00%, 0, 0, 1, 323.05
1592428901, 478, 1, 4, 0, 0, 0.00%, 0, 0, 1, 315.96
1592428907, 479, 0, 4, 0, 0, 0.00%, 0, 0, 1, 308.13
1592428912, 479, 2, 4, 0, 0, 0.00%, 0, 0, 1, 320.64
1592428917, 480, 0, 4, 0, 0, 0.00%, 0, 0, 1, 315.64
1592428922, 480, 2, 4, 0, 0, 0.00%, 0, 0, 1, 316.56
1592428927, 481, 1, 4, 0, 0, 0.00%, 0, 0, 1, 328.13
1592428932, 481, 3, 4, 0, 0, 0.00%, 0, 0, 1, 327.50
1592428938, 482, 1, 4, 0, 0, 0.00%, 0, 0, 1, 318.22
1592428943, 482, 3, 4, 0, 0, 0.00%, 0, 0, 1, 323.92
1592428948, 483, 2, 4, 0, 0, 0.00%, 0, 0, 1, 323.01
1592428953, 484, 0, 4, 0, 0, 0.00%, 0, 0, 1, 321.10
1592428958, 484, 2, 4, 0, 0, 0.00%, 0, 0, 1, 326.30
1592428963, 485, 0, 4, 0, 0, 0.00%, 0, 0, 1, 323.09
1592428968, 485, 3, 4, 0, 0, 0.00%, 0, 0, 1, 325.39
1592428974, 486, 1, 4, 0, 0, 0.00%, 0, 0, 1, 324.90
1592428979, 486, 3, 4, 0, 0, 0.00%, 0, 0, 1, 322.22
1592428984, 487, 1, 4, 0, 0, 0.00%, 0, 0, 1, 326.93
1592428989, 488, 0, 4, 0, 0, 0.00%, 0, 0, 1, 315.82
1592428994, 488, 2, 4, 0, 0, 0.00%, 0, 0, 1, 303.54
1592429000, 489, 0, 4, 0, 0, 0.00%, 0, 0, 1, 297.48
1592429005, 489, 2, 4, 0, 0, 0.00%, 0, 0, 1, 295.39
1592429010, 490, 0, 4, 0, 0, 0.00%, 0, 0, 1, 323.47
1592429015, 490, 2, 4, 0, 0, 0.00%, 0, 0, 1, 318.78
1592429020, 491, 1, 4, 0, 0, 0.00%, 0, 0, 1, 308.85
1592429025, 491, 3, 4, 0, 0, 0.00%, 0, 0, 1, 325.15
1592429031, 492, 1, 4, 0, 0, 0.00%, 0, 0, 1, 320.98
1592429036, 492, 3, 4, 0, 0, 0.00%, 0, 0, 1, 319.16
1592429041, 493, 2, 4, 0, 0, 0.00%, 0, 0, 1, 320.31
1592429046, 494, 0, 4, 0, 0, 0.00%, 0, 0, 1, 321.05
1592429051, 494, 2, 4, 0, 0, 0.00%, 0, 0, 1, 322.40
1592429056, 495, 0, 4, 0, 0, 0.00%, 0, 0, 1, 315.34
1592429061, 495, 3, 4, 0, 0, 0.00%, 0, 0, 1, 318.58
1592429066, 496, 1, 4, 0, 0, 0.00%, 0, 0, 1, 326.46
1592429071, 496, 3, 4, 0, 0, 0.00%, 0, 0, 1, 324.91
1592429077, 497, 1, 4, 0, 0, 0.00%, 0, 0, 1, 312.64
1592429082, 497, 3, 4, 0, 0, 0.00%, 0, 0, 1, 327.50
1592429087, 498, 2, 4, 0, 0, 0.00%, 0, 0, 1, 316.36
1592429092, 499, 0, 4, 0, 0, 0.00%, 0, 0, 1, 321.83
1592429097, 499, 2, 4, 0, 0, 0.00%, 0, 0, 1, 318.47
1592429102, 500, 0, 4, 0, 0, 0.00%, 0, 0, 1, 297.52
1592429107, 500, 3, 4, 0, 0, 0.00%, 0, 0, 1, 334.99
1592429113, 501, 1, 4, 0, 0, 0.00%, 0, 0, 1, 356.39
1592429118, 502, 0, 4, 0, 0, 0.00%, 0, 0, 1, 363.27
1592429123, 502, 2, 4, 0, 0, 0.00%, 0, 0, 1, 370.78
1592429128, 503, 1, 4, 0, 0, 0.00%, 0, 0, 1, 374.19
1592429133, 503, 3, 4, 0, 0, 0.00%, 0, 0, 1, 374.03
1592429138, 504, 2, 4, 0, 0, 0.00%, 0, 0, 1, 374.58
1592429143, 505, 1, 4, 0, 0, 0.00%, 0, 0, 1, 373.80
1592429148, 505, 3, 4, 0, 0, 0.00%, 0, 0, 1, 372.38
1592429153, 506, 2, 4, 0, 0, 0.00%, 0, 0, 1, 374.65
1592429159, 507, 0, 4, 0, 0, 0.00%, 0, 0, 1, 374.86
1592429164, 507, 3, 4, 0, 0, 0.00%, 0, 0, 1, 376.72
1592429169, 508, 2, 4, 0, 0, 0.00%, 0, 0, 1, 374.11
1592429174, 509, 0, 4, 0, 0, 0.00%, 0, 0, 1, 366.90
1592429179, 509, 3, 4, 0, 0, 0.00%, 0, 0, 1, 371.62
1592429184, 510, 1, 4, 0, 0, 0.00%, 0, 0, 1, 373.76
1592429190, 511, 0, 4, 0, 0, 0.00%, 0, 0, 1, 373.06
1592429195, 511, 3, 4, 0, 0, 0.00%, 0, 0, 1, 372.92
1592429200, 512, 1, 4, 0, 0, 0.00%, 0, 0, 1, 372.84
1592429205, 513, 0, 4, 0, 0, 0.00%, 0, 0, 1, 373.67
1592429210, 513, 3, 4, 0, 0, 0.00%, 0, 0, 1, 372.33
1592429215, 514, 1, 4, 0, 0, 0.00%, 0, 0, 1, 371.70
1592429221, 515, 0, 4, 0, 0, 0.00%, 0, 0, 1, 373.36
1592429226, 515, 2, 4, 0, 0, 0.00%, 0, 0, 1, 374.56
1592429231, 516, 1, 4, 0, 0, 0.00%, 0, 0, 1, 373.05
1592429236, 517, 0, 4, 0, 0, 0.00%, 0, 0, 1, 368.50
1592429241, 517, 2, 4, 0, 0, 0.00%, 0, 0, 1, 372.84
1592429246, 518, 1, 4, 0, 0, 0.00%, 0, 0, 1, 374.83
1592429252, 518, 3, 4, 0, 0, 0.00%, 0, 0, 1, 373.72
1592429257, 519, 2, 4, 0, 0, 0.00%, 0, 0, 1, 374.29
1592429262, 520, 1, 4, 0, 0, 0.00%, 0, 0, 1, 373.99
1592429267, 520, 3, 4, 0, 0, 0.00%, 0, 0, 1, 371.64
1592429272, 521, 2, 4, 0, 0, 0.00%, 0, 0, 1, 368.40
1592429277, 522, 0, 4, 0, 0, 0.00%, 0, 0, 1, 373.14
1592429282, 522, 3, 4, 0, 0, 0.00%, 0, 0, 1, 371.23
1592429287, 523, 1, 4, 0, 0, 0.00%, 0, 0, 1, 370.80
1592429293, 524, 0, 4, 0, 0, 0.00%, 0, 0, 1, 372.65
1592429298, 524, 3, 4, 0, 0, 0.00%, 0, 0, 1, 371.55
1592429303, 525, 1, 4, 0, 0, 0.00%, 0, 0, 1, 373.43
1592429308, 526, 0, 4, 0, 0, 0.00%, 0, 0, 1, 374.16
1592429313, 526, 3, 4, 0, 0, 0.00%, 0, 0, 1, 372.84
1592429318, 527, 1, 4, 0, 0, 0.00%, 0, 0, 1, 371.67
1592429323, 528, 0, 4, 0, 0, 0.00%, 0, 0, 1, 374.19
1592429329, 528, 2, 4, 0, 0, 0.00%, 0, 0, 1, 372.60
1592429334, 529, 1, 4, 0, 0, 0.00%, 0, 0, 1, 372.19
1592429339, 530, 0, 4, 0, 0, 0.00%, 0, 0, 1, 373.88
1592429344, 530, 2, 4, 0, 0, 0.00%, 0, 0, 1, 374.81
1592429349, 531, 1, 4, 0, 0, 0.00%, 0, 0, 1, 375.68
1592429354, 531, 3, 4, 0, 0, 0.00%, 0, 0, 1, 373.66
1592429359, 532, 2, 4, 0, 0, 0.00%, 0, 0, 1, 372.61
1592429365, 533, 1, 4, 0, 0, 0.00%, 0, 0, 1, 374.16
1592429370, 533, 3, 4, 0, 0, 0.00%, 0, 0, 1, 375.20
1592429375, 534, 2, 4, 0, 0, 0.00%, 0, 0, 1, 373.57
1592429380, 535, 0, 4, 0, 0, 0.00%, 0, 0, 1, 371.86
1592429385, 535, 3, 4, 0, 0, 0.00%, 0, 0, 1, 375.23
1592429390, 536, 2, 4, 0, 0, 0.00%, 0, 0, 1, 370.64
1592429395, 537, 0, 4, 0, 0, 0.00%, 0, 0, 1, 373.07
1592429400, 537, 3, 4, 0, 0, 0.00%, 0, 0, 1, 370.45
1592429405, 538, 1, 4, 0, 0, 0.00%, 0, 0, 1, 368.41
1592429410, 539, 0, 4, 0, 0, 0.00%, 0, 0, 1, 364.52
1592429415, 539, 2, 4, 0, 0, 0.00%, 0, 0, 1, 369.74
1592429420, 540, 1, 4, 0, 0, 0.00%, 0, 0, 1, 373.42
1592429425, 540, 3, 4, 0, 0, 0.00%, 0, 0, 1, 366.92
1592429430, 541, 2, 4, 0, 0, 0.00%, 0, 0, 1, 369.93
1592429436, 542, 0, 4, 0, 0, 0.00%, 0, 0, 1, 379.72
1592429441, 542, 3, 4, 0, 0, 0.00%, 0, 0, 1, 377.79
1592429446, 543, 1, 4, 0, 0, 0.00%, 0, 0, 1, 355.12
1592429451, 544, 0, 4, 0, 0, 0.00%, 0, 0, 1, 356.77
1592429456, 544, 2, 4, 0, 0, 0.00%, 0, 0, 1, 103.03
1592429461, 545, 0, 4, 0, 0, 0.00%, 0, 0, 1, 296.88
1592429466, 545, 3, 4, 0, 0, 0.00%, 0, 0, 1, 340.40
1592429471, 546, 1, 4, 0, 0, 0.00%, 0, 0, 1, 353.18
1592429476, 547, 0, 4, 0, 0, 0.00%, 0, 0, 1, 343.38
1592429482, 547, 2, 4, 0, 0, 0.00%, 0, 0, 1, 343.41
1592429487, 548, 0, 4, 0, 0, 0.00%, 0, 0, 1, 337.97
1592429596, 548, 2, 4, 0, 0, 0.00%, 0, 0, 1, 0.30
1592429601, 549, 0, 4, 0, 0, 0.00%, 0, 0, 1, 277.09
1592429606, 549, 3, 4, 0, 0, 0.00%, 0, 0, 1, 345.01
1592429621, 550, 1, 4, 0, 0, 0.00%, 0, 0, 1, 216.12
1592429626, 550, 3, 4, 0, 0, 0.00%, 0, 0, 1, 321.82
1592429632, 551, 2, 4, 0, 0, 0.00%, 0, 0, 1, 338.93
1592429637, 551, 3, 4, 0, 0, 0.00%, 0, 0, 1, 281.95
1592429642, 552, 2, 4, 0, 0, 0.00%, 0, 0, 1, 331.52
1592429647, 553, 0, 4, 0, 0, 0.00%, 0, 0, 1, 339.43
1592429652, 553, 3, 4, 0, 0, 0.00%, 0, 0, 1, 331.67
1592429657, 554, 1, 4, 0, 0, 0.00%, 0, 0, 1, 329.59
1592429662, 554, 3, 4, 0, 0, 0.00%, 0, 0, 1, 339.21
1592429667, 555, 2, 4, 0, 0, 0.00%, 0, 0, 1, 338.51
1592429674, 556, 0, 4, 0, 0, 0.00%, 0, 0, 1, 19.04
1592429679, 556, 2, 4, 0, 0, 0.00%, 0, 0, 1, 294.07
1592429684, 557, 0, 4, 0, 0, 0.00%, 0, 0, 1, 336.30
1592429689, 557, 1, 4, 0, 0, 0.00%, 0, 0, 1, 351.99
1592429694, 558, 0, 4, 0, 0, 0.00%, 0, 0, 1, 360.45
1592429699, 558, 2, 4, 0, 0, 0.00%, 0, 0, 1, 359.09
1592429704, 559, 1, 4, 0, 0, 0.00%, 0, 0, 1, 360.15
1592429709, 559, 3, 4, 0, 0, 0.00%, 0, 0, 1, 361.59
1592429724, 560, 0, 4, 0, 0, 0.00%, 0, 0, 1, 3.58
1592429729, 560, 2, 4, 0, 0, 0.00%, 0, 0, 1, 303.96
1592429734, 561, 0, 4, 0, 0, 0.00%, 0, 0, 1, 316.37
1592429739, 561, 2, 4, 0, 0, 0.00%, 0, 0, 1, 298.35
1592429744, 562, 1, 4, 0, 0, 0.00%, 0, 0, 1, 343.97
1592429749, 562, 3, 4, 0, 0, 0.00%, 0, 0, 1, 357.07
1592429754, 563, 1, 4, 0, 0, 0.00%, 0, 0, 1, 363.50
1592429759, 564, 0, 4, 0, 0, 0.00%, 0, 0, 1, 363.24
1592429781, 564, 1, 4, 0, 0, 0.00%, 0, 0, 1, 0.71
1592429786, 564, 3, 4, 0, 0, 0.00%, 0, 0, 1, 306.77
1592429791, 565, 1, 4, 0, 0, 0.00%, 0, 0, 1, 305.48
1592429796, 565, 3, 4, 0, 0, 0.00%, 0, 0, 1, 364.04
1592429801, 566, 1, 4, 0, 0, 0.00%, 0, 0, 1, 364.31
1592429806, 567, 0, 4, 0, 0, 0.00%, 0, 0, 1, 361.73
1592429811, 567, 2, 4, 0, 0, 0.00%, 0, 0, 1, 364.16
1592429816, 568, 1, 4, 0, 0, 0.00%, 0, 0, 1, 361.42
1592429955, 569, 0, 4, 0, 0, 0.00%, 0, 0, 1, 341.44
1592429960, 569, 2, 4, 0, 0, 0.00%, 0, 0, 1, 356.61
1592429965, 569, 3, 4, 0, 0, 0.00%, 0, 0, 1, 37.12
1592429975, 570, 1, 4, 0, 0, 0.00%, 0, 0, 1, 227.09
1592429980, 570, 3, 4, 0, 0, 0.00%, 0, 0, 1, 329.38
1592429985, 571, 2, 4, 0, 0, 0.00%, 0, 0, 1, 356.76
1592430063, 572, 1, 4, 0, 0, 0.00%, 0, 0, 1, 369.89
1592430068, 573, 0, 4, 0, 0, 0.00%, 0, 0, 1, 387.23
1592430083, 573, 1, 4, 0, 0, 0.00%, 0, 0, 1, 137.54
1592430088, 573, 3, 4, 0, 0, 0.00%, 0, 0, 1, 314.25
1592430093, 574, 2, 4, 0, 0, 0.00%, 0, 0, 1, 345.83
1592430098, 575, 0, 4, 0, 0, 0.00%, 0, 0, 1, 350.14
1592430103, 575, 3, 4, 0, 0, 0.00%, 0, 0, 1, 359.32
1592430108, 576, 1, 4, 0, 0, 0.00%, 0, 0, 1, 346.60
1592430113, 576, 3, 4, 0, 0, 0.00%, 0, 0, 1, 306.07
1592430118, 577, 2, 4, 0, 0, 0.00%, 0, 0, 1, 326.34
1592430124, 578, 0, 4, 0, 0, 0.00%, 0, 0, 1, 334.81
1592430129, 578, 2, 4, 0, 0, 0.00%, 0, 0, 1, 338.66
1592430134, 579, 1, 4, 0, 0, 0.00%, 0, 0, 1, 346.02
1592430139, 579, 3, 4, 0, 0, 0.00%, 0, 0, 1, 348.73
1592430144, 580, 1, 4, 0, 0, 0.00%, 0, 0, 1, 339.41
1592430149, 581, 0, 4, 0, 0, 0.00%, 0, 0, 1, 337.61
1592430154, 581, 2, 4, 0, 0, 0.00%, 0, 0, 1, 308.76
1592430159, 582, 0, 4, 0, 0, 0.00%, 0, 0, 1, 333.28
1592430164, 582, 2, 4, 0, 0, 0.00%, 0, 0, 1, 336.59
1592430169, 583, 1, 4, 0, 0, 0.00%, 0, 0, 1, 322.14
1592430174, 583, 3, 4, 0, 0, 0.00%, 0, 0, 1, 313.97
1592430179, 584, 1, 4, 0, 0, 0.00%, 0, 0, 1, 327.02
1592430185, 584, 3, 4, 0, 0, 0.00%, 0, 0, 1, 332.87
1592430190, 585, 2, 4, 0, 0, 0.00%, 0, 0, 1, 340.37
1592430195, 586, 0, 4, 0, 0, 0.00%, 0, 0, 1, 336.39
1592430218, 586, 1, 4, 0, 0, 0.00%, 0, 0, 1, 0.05
1592430223, 586, 3, 4, 0, 0, 0.00%, 0, 0, 1, 47.72
1592430228, 587, 1, 4, 0, 0, 0.00%, 0, 0, 1, 214.09
1592430233, 587, 2, 4, 0, 0, 0.00%, 0, 0, 1, 238.52
1592430238, 588, 0, 4, 0, 0, 0.00%, 0, 0, 1, 329.35
1592430243, 588, 3, 4, 0, 0, 0.00%, 0, 0, 1, 345.26
1592430248, 589, 1, 4, 0, 0, 0.00%, 0, 0, 1, 352.84
1592430253, 589, 3, 4, 0, 0, 0.00%, 0, 0, 1, 354.97
1592430258, 590, 2, 4, 0, 0, 0.00%, 0, 0, 1, 356.48
1592430263, 591, 0, 4, 0, 0, 0.00%, 0, 0, 1, 358.65
1592433133, 591, 3, 4, 0, 0, 0.00%, 0, 0, 1, 0.01
1592433138, 592, 1, 4, 0, 0, 0.00%, 0, 0, 1, 335.67
1592433143, 592, 2, 4, 0, 0, 0.00%, 0, 0, 1, 233.44
1592433148, 593, 1, 4, 0, 0, 0.00%, 0, 0, 1, 307.14
